<DATE>,<CLOSE>,<OPEN>,<HIGH>,<LOW>,<VOL>
20220103,102.04737975619426,102.04737975619426,102.04737975619426,102.04737975619426,1000
20220104,103.19328862305319,103.19328862305319,103.19328862305319,103.19328862305319,1000
20220105,100.85276119163488,100.85276119163488,100.85276119163488,100.85276119163488,1000
20220106,100.8905045560101,100.8905045560101,100.8905045560101,100.8905045560101,1000
20220107,101.88125330685726,101.88125330685726,101.88125330685726,101.88125330685726,1000
20220110,100.8317456422975,100.8317456422975,100.8317456422975,100.8317456422975,1000
20220111,101.28374146522252,101.28374146522252,101.28374146522252,101.28374146522252,1000
20220112,101.49929634817934,101.49929634817934,101.49929634817934,101.49929634817934,1000
20220113,101.5565796546554,101.5565796546554,101.5565796546554,101.5565796546554,1000
20220114,101.34138094156069,101.34138094156069,101.34138094156069,101.34138094156069,1000
20220117,102.05030371313788,102.05030371313788,102.05030371313788,102.05030371313788,1000
20220118,103.94288380563133,103.94288380563133,103.94288380563133,103.94288380563133,1000
20220119,102.49017961470423,102.49017961470423,102.49017961470423,102.49017961470423,1000
20220120,104.12224462869546,104.12224462869546,104.12224462869546,104.12224462869546,1000
20220121,104.53138798608477,104.53138798608477,104.53138798608477,104.53138798608477,1000
20220124,105.28161646778733,105.28161646778733,105.28161646778733,105.28161646778733,1000
20220125,103.53930750388469,103.53930750388469,103.53930750388469,103.53930750388469,1000
20220126,103.80095683982877,103.80095683982877,103.80095683982877,103.80095683982877,1000
20220127,106.1643027370702,106.1643027370702,106.1643027370702,106.1643027370702,1000
20220128,104.49783389656659,104.49783389656659,104.49783389656659,104.49783389656659,1000
20220131,101.4500579930439,101.4500579930439,101.4500579930439,101.4500579930439,1000
20220201,98.84780471420427,98.84780471420427,98.84780471420427,98.84780471420427,1000
20220202,99.29173539073241,99.29173539073241,99.29173539073241,99.29173539073241,1000
20220203,102.8934944351754,102.8934944351754,102.8934944351754,102.8934944351754,1000
20220204,104.67924897833605,104.67924897833605,104.67924897833605,104.67924897833605,1000
20220207,107.35792115952837,107.35792115952837,107.35792115952837,107.35792115952837,1000
20220208,107.57126692555816,107.57126692555816,107.57126692555816,107.57126692555816,1000
20220209,109.88081618064038,109.88081618064038,109.88081618064038,109.88081618064038,1000
20220210,109.48868233415516,109.48868233415516,109.48868233415516,109.48868233415516,1000
20220211,110.55051044835331,110.55051044835331,110.55051044835331,110.55051044835331,1000
20220214,110.16250492868527,110.16250492868527,110.16250492868527,110.16250492868527,1000
20220215,109.30988732654312,109.30988732654312,109.30988732654312,109.30988732654312,1000
20220216,109.58213720305866,109.58213720305866,109.58213720305866,109.58213720305866,1000
20220217,108.85427837754158,108.85427837754158,108.85427837754158,108.85427837754158,1000
20220218,111.04519891163783,111.04519891163783,111.04519891163783,111.04519891163783,1000
20220221,111.42555083683638,111.42555083683638,111.42555083683638,111.42555083683638,1000
20220222,112.15016788812613,112.15016788812613,112.15016788812613,112.15016788812613,1000
20220223,111.63826012274116,111.63826012274116,111.63826012274116,111.63826012274116,1000
20220224,113.79813491407414,113.79813491407414,113.79813491407414,113.79813491407414,1000
20220225,112.60558251940536,112.60558251940536,112.60558251940536,112.60558251940536,1000
20220228,113.77707168701801,113.77707168701801,113.77707168701801,113.77707168701801,1000
20220301,113.23514257768181,113.23514257768181,113.23514257768181,113.23514257768181,1000
20220302,111.69610709244651,111.69610709244651,111.69610709244651,111.69610709244651,1000
20220303,110.93209921327072,110.93209921327072,110.93209921327072,110.93209921327072,1000
20220304,109.64874049657121,109.64874049657121,109.64874049657121,109.64874049657121,1000
20220307,109.35373444395144,109.35373444395144,109.35373444395144,109.35373444395144,1000
20220308,108.85211752506427,108.85211752506427,108.85211752506427,108.85211752506427,1000
20220309,109.4162489627572,109.4162489627572,109.4162489627572,109.4162489627572,1000
20220310,110.39851036531532,110.39851036531532,110.39851036531532,110.39851036531532,1000
20220311,110.20958496773696,110.20958496773696,110.20958496773696,110.20958496773696,1000
20220314,110.22186451393641,110.22186451393641,110.22186451393641,110.22186451393641,1000
20220315,110.754942978645,110.754942978645,110.754942978645,110.754942978645,1000
20220316,109.91340631372208,109.91340631372208,109.91340631372208,109.91340631372208,1000
20220317,111.13590721695883,111.13590721695883,111.13590721695883,111.13590721695883,1000
20220318,112.59549632627814,112.59549632627814,112.59549632627814,112.59549632627814,1000
20220321,112.99562828820511,112.99562828820511,112.99562828820511,112.99562828820511,1000
20220322,117.11099178001464,117.11099178001464,117.11099178001464,117.11099178001464,1000
20220323,118.78121516724394,118.78121516724394,118.78121516724394,118.78121516724394,1000
20220324,118.64056786645347,118.64056786645347,118.64056786645347,118.64056786645347,1000
20220325,118.05534874160047,118.05534874160047,118.05534874160047,118.05534874160047,1000
20220328,117.70322105801489,117.70322105801489,117.70322105801489,117.70322105801489,1000
20220329,116.87624605484078,116.87624605484078,116.87624605484078,116.87624605484078,1000
20220330,118.913606747337,118.913606747337,118.913606747337,118.913606747337,1000
20220331,117.72837693749277,117.72837693749277,117.72837693749277,117.72837693749277,1000
20220401,117.6439853804456,117.6439853804456,117.6439853804456,117.6439853804456,1000
20220404,116.76877986691036,116.76877986691036,116.76877986691036,116.76877986691036,1000
20220405,118.65958669245151,118.65958669245151,118.65958669245151,118.65958669245151,1000
20220406,116.19403740388175,116.19403740388175,116.19403740388175,116.19403740388175,1000
20220407,115.62033076788674,115.62033076788674,115.62033076788674,115.62033076788674,1000
20220408,115.4667192882513,115.4667192882513,115.4667192882513,115.4667192882513,1000
20220411,116.07757822130102,116.07757822130102,116.07757822130102,116.07757822130102,1000
20220412,116.93812439973001,116.93812439973001,116.93812439973001,116.93812439973001,1000
20220413,116.61808248282661,116.61808248282661,116.61808248282661,116.61808248282661,1000
20220414,118.40654752552047,118.40654752552047,118.40654752552047,118.40654752552047,1000
20220415,119.02478442332887,119.02478442332887,119.02478442332887,119.02478442332887,1000
20220418,123.48997134090247,123.48997134090247,123.48997134090247,123.48997134090247,1000
20220419,120.75777766823312,120.75777766823312,120.75777766823312,120.75777766823312,1000
20220420,121.94229191033253,121.94229191033253,121.94229191033253,121.94229191033253,1000
20220421,120.09157520166912,120.09157520166912,120.09157520166912,120.09157520166912,1000
20220422,118.71410895018373,118.71410895018373,118.71410895018373,118.71410895018373,1000
20220425,122.3083292315865,122.3083292315865,122.3083292315865,122.3083292315865,1000
20220426,125.57056294574748,125.57056294574748,125.57056294574748,125.57056294574748,1000
20220427,122.1371143912394,122.1371143912394,122.1371143912394,122.1371143912394,1000
20220428,121.79004889687448,121.79004889687448,121.79004889687448,121.79004889687448,1000
20220429,121.7306497324354,121.7306497324354,121.7306497324354,121.7306497324354,1000
20220502,117.89909455718212,117.89909455718212,117.89909455718212,117.89909455718212,1000
20220503,117.87168800835668,117.87168800835668,117.87168800835668,117.87168800835668,1000
20220504,118.62608075067116,118.62608075067116,118.62608075067116,118.62608075067116,1000
20220505,119.07199348078268,119.07199348078268,119.07199348078268,119.07199348078268,1000
20220506,115.56938284829226,115.56938284829226,115.56938284829226,115.56938284829226,1000
20220509,117.54742489576344,117.54742489576344,117.54742489576344,117.54742489576344,1000
20220510,118.03738132914243,118.03738132914243,118.03738132914243,118.03738132914243,1000
20220511,117.98678101229616,117.98678101229616,117.98678101229616,117.98678101229616,1000
20220512,116.71153334780556,116.71153334780556,116.71153334780556,116.71153334780556,1000
20220513,118.01629654196184,118.01629654196184,118.01629654196184,118.01629654196184,1000
20220516,119.70086555752776,119.70086555752776,119.70086555752776,119.70086555752776,1000
20220517,118.89511150033725,118.89511150033725,118.89511150033725,118.89511150033725,1000
20220518,119.11433199390562,119.11433199390562,119.11433199390562,119.11433199390562,1000
20220519,120.65149998737701,120.65149998737701,120.65149998737701,120.65149998737701,1000
20220520,117.17460345204536,117.17460345204536,117.17460345204536,117.17460345204536,1000
20220523,117.43966821371232,117.43966821371232,117.43966821371232,117.43966821371232,1000
20220524,114.13822148671984,114.13822148671984,114.13822148671984,114.13822148671984,1000
20220525,112.61520226621109,112.61520226621109,112.61520226621109,112.61520226621109,1000
20220526,113.46502715880575,113.46502715880575,113.46502715880575,113.46502715880575,1000
20220527,113.2760509920699,113.2760509920699,113.2760509920699,113.2760509920699,1000
20220530,112.65279763211467,112.65279763211467,112.65279763211467,112.65279763211467,1000
20220531,112.20897289461772,112.20897289461772,112.20897289461772,112.20897289461772,1000
20220601,113.6927266333454,113.6927266333454,113.6927266333454,113.6927266333454,1000
20220602,114.95499522168508,114.95499522168508,114.95499522168508,114.95499522168508,1000
20220603,113.65496528447203,113.65496528447203,113.65496528447203,113.65496528447203,1000
20220606,114.21120528578206,114.21120528578206,114.21120528578206,114.21120528578206,1000
20220607,113.46173893368324,113.46173893368324,113.46173893368324,113.46173893368324,1000
20220608,117.61045426633656,117.61045426633656,117.61045426633656,117.61045426633656,1000
20220609,116.3649182652565,116.3649182652565,116.3649182652565,116.3649182652565,1000
20220610,115.87706633271084,115.87706633271084,115.87706633271084,115.87706633271084,1000
20220613,115.32859366818361,115.32859366818361,115.32859366818361,115.32859366818361,1000
20220614,114.62677378891738,114.62677378891738,114.62677378891738,114.62677378891738,1000
20220615,114.92670190911274,114.92670190911274,114.92670190911274,114.92670190911274,1000
20220616,115.45487512732349,115.45487512732349,115.45487512732349,115.45487512732349,1000
20220617,112.70952431127998,112.70952431127998,112.70952431127998,112.70952431127998,1000
20220620,111.79694905806832,111.79694905806832,111.79694905806832,111.79694905806832,1000
20220621,109.63851742726918,109.63851742726918,109.63851742726918,109.63851742726918,1000
20220622,111.72637247396506,111.72637247396506,111.72637247396506,111.72637247396506,1000
20220623,115.91386308601916,115.91386308601916,115.91386308601916,115.91386308601916,1000
20220624,118.37685688662043,118.37685688662043,118.37685688662043,118.37685688662043,1000
20220627,119.05083513424377,119.05083513424377,119.05083513424377,119.05083513424377,1000
20220628,120.93633149937747,120.93633149937747,120.93633149937747,120.93633149937747,1000
20220629,121.29940099137416,121.29940099137416,121.29940099137416,121.29940099137416,1000
20220630,124.37443170429485,124.37443170429485,124.37443170429485,124.37443170429485,1000
20220701,125.68264477824496,125.68264477824496,125.68264477824496,125.68264477824496,1000
20220704,125.31198156542176,125.31198156542176,125.31198156542176,125.31198156542176,1000
20220705,123.25144307939316,123.25144307939316,123.25144307939316,123.25144307939316,1000
20220706,122.12992408361272,122.12992408361272,122.12992408361272,122.12992408361272,1000
20220707,122.76591051225137,122.76591051225137,122.76591051225137,122.76591051225137,1000
20220708,120.5699304127977,120.5699304127977,120.5699304127977,120.5699304127977,1000
20220711,120.22909163267828,120.22909163267828,120.22909163267828,120.22909163267828,1000
20220712,122.70567802500847,122.70567802500847,122.70567802500847,122.70567802500847,1000
20220713,122.82097788333095,122.82097788333095,122.82097788333095,122.82097788333095,1000
20220714,126.5400936544275,126.5400936544275,126.5400936544275,126.5400936544275,1000
20220715,129.35023076088504,129.35023076088504,129.35023076088504,129.35023076088504,1000
20220718,128.85683191082566,128.85683191082566,128.85683191082566,128.85683191082566,1000
20220719,126.29391351628117,126.29391351628117,126.29391351628117,126.29391351628117,1000
20220720,126.26605056843331,126.26605056843331,126.26605056843331,126.26605056843331,1000
20220721,125.41857681469094,125.41857681469094,125.41857681469094,125.41857681469094,1000
20220722,126.19194491953525,126.19194491953525,126.19194491953525,126.19194491953525,1000
20220725,129.31092012426035,129.31092012426035,129.31092012426035,129.31092012426035,1000
20220726,127.19713134147045,127.19713134147045,127.19713134147045,127.19713134147045,1000
20220727,126.51905371145833,126.51905371145833,126.51905371145833,126.51905371145833,1000
20220728,127.21304225505072,127.21304225505072,127.21304225505072,127.21304225505072,1000
20220729,129.44239962956252,129.44239962956252,129.44239962956252,129.44239962956252,1000
20220801,130.4987423134284,130.4987423134284,130.4987423134284,130.4987423134284,1000
20220802,131.37497150137366,131.37497150137366,131.37497150137366,131.37497150137366,1000
20220803,134.0902611197777,134.0902611197777,134.0902611197777,134.0902611197777,1000
20220804,135.14994021668406,135.14994021668406,135.14994021668406,135.14994021668406,1000
20220805,134.73704866625062,134.73704866625062,134.73704866625062,134.73704866625062,1000
20220808,134.92019367155012,134.92019367155012,134.92019367155012,134.92019367155012,1000
20220809,133.55668051971702,133.55668051971702,133.55668051971702,133.55668051971702,1000
20220810,134.7186199758463,134.7186199758463,134.7186199758463,134.7186199758463,1000
20220811,136.69056460212056,136.69056460212056,136.69056460212056,136.69056460212056,1000
20220812,130.6496684105766,130.6496684105766,130.6496684105766,130.6496684105766,1000
20220815,133.10225439537822,133.10225439537822,133.10225439537822,133.10225439537822,1000
20220816,133.05595998764065,133.05595998764065,133.05595998764065,133.05595998764065,1000
20220817,134.0423472998517,134.0423472998517,134.0423472998517,134.0423472998517,1000
20220818,135.44116098333149,135.44116098333149,135.44116098333149,135.44116098333149,1000
20220819,130.84610967205205,130.84610967205205,130.84610967205205,130.84610967205205,1000
20220822,128.56429225917142,128.56429225917142,128.56429225917142,128.56429225917142,1000
20220823,127.98620067788664,127.98620067788664,127.98620067788664,127.98620067788664,1000
20220824,126.53088730781059,126.53088730781059,126.53088730781059,126.53088730781059,1000
20220825,127.11452262984288,127.11452262984288,127.11452262984288,127.11452262984288,1000
20220826,126.19629195627327,126.19629195627327,126.19629195627327,126.19629195627327,1000
20220829,123.02042749694064,123.02042749694064,123.02042749694064,123.02042749694064,1000
20220830,124.21181386777111,124.21181386777111,124.21181386777111,124.21181386777111,1000
20220831,126.32365575023618,126.32365575023618,126.32365575023618,126.32365575023618,1000
20220901,127.45618369208593,127.45618369208593,127.45618369208593,127.45618369208593,1000
20220902,126.15715134459428,126.15715134459428,126.15715134459428,126.15715134459428,1000
20220905,125.72659058953212,125.72659058953212,125.72659058953212,125.72659058953212,1000
20220906,126.82373374921166,126.82373374921166,126.82373374921166,126.82373374921166,1000
20220907,128.03464495224958,128.03464495224958,128.03464495224958,128.03464495224958,1000
20220908,130.03235890072642,130.03235890072642,130.03235890072642,130.03235890072642,1000
20220909,129.52310145623724,129.52310145623724,129.52310145623724,129.52310145623724,1000
20220912,126.82731024014267,126.82731024014267,126.82731024014267,126.82731024014267,1000
20220913,125.59908899694354,125.59908899694354,125.59908899694354,125.59908899694354,1000
20220914,126.66772022662332,126.66772022662332,126.66772022662332,126.66772022662332,1000
20220915,128.14461721125448,128.14461721125448,128.14461721125448,128.14461721125448,1000
20220916,132.48561153350568,132.48561153350568,132.48561153350568,132.48561153350568,1000
20220919,132.7847271209949,132.7847271209949,132.7847271209949,132.7847271209949,1000
20220920,133.3383355694037,133.3383355694037,133.3383355694037,133.3383355694037,1000
20220921,133.05039378853877,133.05039378853877,133.05039378853877,133.05039378853877,1000
20220922,132.30718188405282,132.30718188405282,132.30718188405282,132.30718188405282,1000
20220923,133.92485255957683,133.92485255957683,133.92485255957683,133.92485255957683,1000
20220926,134.70190654553352,134.70190654553352,134.70190654553352,134.70190654553352,1000
20220927,134.35044337008947,134.35044337008947,134.35044337008947,134.35044337008947,1000
20220928,132.24175125816856,132.24175125816856,132.24175125816856,132.24175125816856,1000
20220929,132.0637475890593,132.0637475890593,132.0637475890593,132.0637475890593,1000
20220930,131.35526087337195,131.35526087337195,131.35526087337195,131.35526087337195,1000
20221003,133.89404359836035,133.89404359836035,133.89404359836035,133.89404359836035,1000
20221004,135.8632087262245,135.8632087262245,135.8632087262245,135.8632087262245,1000
20221005,133.84772416606862,133.84772416606862,133.84772416606862,133.84772416606862,1000
20221006,136.25799047559434,136.25799047559434,136.25799047559434,136.25799047559434,1000
20221007,135.15707330317377,135.15707330317377,135.15707330317377,135.15707330317377,1000
20221010,135.4945689561854,135.4945689561854,135.4945689561854,135.4945689561854,1000
20221011,138.00679518218715,138.00679518218715,138.00679518218715,138.00679518218715,1000
20221012,135.95445548724788,135.95445548724788,135.95445548724788,135.95445548724788,1000
20221013,136.3495374278685,136.3495374278685,136.3495374278685,136.3495374278685,1000
20221014,134.10561545945617,134.10561545945617,134.10561545945617,134.10561545945617,1000
20221017,130.26758043946452,130.26758043946452,130.26758043946452,130.26758043946452,1000
20221018,132.26053988679664,132.26053988679664,132.26053988679664,132.26053988679664,1000
20221019,132.38267065931853,132.38267065931853,132.38267065931853,132.38267065931853,1000
20221020,130.8158537116805,130.8158537116805,130.8158537116805,130.8158537116805,1000
20221021,127.7680697927401,127.7680697927401,127.7680697927401,127.7680697927401,1000
20221024,127.06252271955587,127.06252271955587,127.06252271955587,127.06252271955587,1000
20221025,129.6841642679062,129.6841642679062,129.6841642679062,129.6841642679062,1000
20221026,130.5319143705308,130.5319143705308,130.5319143705308,130.5319143705308,1000
20221027,129.86732140835147,129.86732140835147,129.86732140835147,129.86732140835147,1000
20221028,128.62314681478895,128.62314681478895,128.62314681478895,128.62314681478895,1000
20221031,128.8916066340996,128.8916066340996,128.8916066340996,128.8916066340996,1000
20221101,125.9645322705822,125.9645322705822,125.9645322705822,125.9645322705822,1000
20221102,128.56848338330326,128.56848338330326,128.56848338330326,128.56848338330326,1000
20221103,129.60318167406325,129.60318167406325,129.60318167406325,129.60318167406325,1000
20221104,131.98985783660385,131.98985783660385,131.98985783660385,131.98985783660385,1000
20221107,130.94019726405267,130.94019726405267,130.94019726405267,130.94019726405267,1000
20221108,132.68463905236317,132.68463905236317,132.68463905236317,132.68463905236317,1000
20221109,134.12009722529157,134.12009722529157,134.12009722529157,134.12009722529157,1000
20221110,131.10292739065224,131.10292739065224,131.10292739065224,131.10292739065224,1000
20221111,131.46141661381108,131.46141661381108,131.46141661381108,131.46141661381108,1000
20221114,132.1485217305968,132.1485217305968,132.1485217305968,132.1485217305968,1000
20221115,131.074978200142,131.074978200142,131.074978200142,131.074978200142,1000
20221116,130.43237433533716,130.43237433533716,130.43237433533716,130.43237433533716,1000
20221117,131.35098078065874,131.35098078065874,131.35098078065874,131.35098078065874,1000
20221118,131.341948006176,131.341948006176,131.341948006176,131.341948006176,1000
20221121,129.42819793616255,129.42819793616255,129.42819793616255,129.42819793616255,1000
20221122,130.64117264262578,130.64117264262578,130.64117264262578,130.64117264262578,1000
20221123,131.15292814236344,131.15292814236344,131.15292814236344,131.15292814236344,1000
20221124,131.70871226562028,131.70871226562028,131.70871226562028,131.70871226562028,1000
20221125,131.96375941064977,131.96375941064977,131.96375941064977,131.96375941064977,1000
20221128,132.91856022494662,132.91856022494662,132.91856022494662,132.91856022494662,1000
20221129,132.4147948788656,132.4147948788656,132.4147948788656,132.4147948788656,1000
20221130,130.76737282763463,130.76737282763463,130.76737282763463,130.76737282763463,1000
20221201,129.37765923508408,129.37765923508408,129.37765923508408,129.37765923508408,1000
20221202,131.5878989130712,131.5878989130712,131.5878989130712,131.5878989130712,1000
20221205,127.67108249098065,127.67108249098065,127.67108249098065,127.67108249098065,1000
20221206,128.77008930180742,128.77008930180742,128.77008930180742,128.77008930180742,1000
20221207,126.0486000077456,126.0486000077456,126.0486000077456,126.0486000077456,1000
20221208,123.069724269884,123.069724269884,123.069724269884,123.069724269884,1000
20221209,121.27308740163443,121.27308740163443,121.27308740163443,121.27308740163443,1000
20221212,120.86524547849413,120.86524547849413,120.86524547849413,120.86524547849413,1000
20221213,122.2500725300692,122.2500725300692,122.2500725300692,122.2500725300692,1000
20221214,119.19675198413842,119.19675198413842,119.19675198413842,119.19675198413842,1000
20221215,122.24951587428869,122.24951587428869,122.24951587428869,122.24951587428869,1000
20221216,124.44461051658111,124.44461051658111,124.44461051658111,124.44461051658111,1000
20221219,124.2593617853049,124.2593617853049,124.2593617853049,124.2593617853049,1000
20221220,123.78050508211189,123.78050508211189,123.78050508211189,123.78050508211189,1000
20221221,122.07196447068193,122.07196447068193,122.07196447068193,122.07196447068193,1000
20221222,123.20974951003858,123.20974951003858,123.20974951003858,123.20974951003858,1000
20221223,123.39850956443468,123.39850956443468,123.39850956443468,123.39850956443468,1000
20221226,126.07390827784218,126.07390827784218,126.07390827784218,126.07390827784218,1000
20221227,124.83923696464471,124.83923696464471,124.83923696464471,124.83923696464471,1000
20221228,125.92773010902003,125.92773010902003,125.92773010902003,125.92773010902003,1000
20221229,125.92197041805898,125.92197041805898,125.92197041805898,125.92197041805898,1000
20221230,124.38506206987508,124.38506206987508,124.38506206987508,124.38506206987508,1000
20230102,127.99652769532257,127.99652769532257,127.99652769532257,127.99652769532257,1000
20230103,128.59735374902917,128.59735374902917,128.59735374902917,128.59735374902917,1000
20230104,129.858098739087,129.858098739087,129.858098739087,129.858098739087,1000
20230105,127.8415952235222,127.8415952235222,127.8415952235222,127.8415952235222,1000
20230106,126.51980121143876,126.51980121143876,126.51980121143876,126.51980121143876,1000
20230109,126.7427409093772,126.7427409093772,126.7427409093772,126.7427409093772,1000
20230110,125.69498055249211,125.69498055249211,125.69498055249211,125.69498055249211,1000
20230111,126.89289570698669,126.89289570698669,126.89289570698669,126.89289570698669,1000
20230112,127.79072367347311,127.79072367347311,127.79072367347311,127.79072367347311,1000
20230113,126.3549759908789,126.3549759908789,126.3549759908789,126.3549759908789,1000
20230116,126.78382980358636,126.78382980358636,126.78382980358636,126.78382980358636,1000
20230117,126.85487612483493,126.85487612483493,126.85487612483493,126.85487612483493,1000
20230118,126.6060973027869,126.6060973027869,126.6060973027869,126.6060973027869,1000
20230119,124.48770079148446,124.48770079148446,124.48770079148446,124.48770079148446,1000
20230120,122.98978665211536,122.98978665211536,122.98978665211536,122.98978665211536,1000
20230123,123.43953089820386,123.43953089820386,123.43953089820386,123.43953089820386,1000
20230124,125.37873747101891,125.37873747101891,125.37873747101891,125.37873747101891,1000
20230125,123.61679416762603,123.61679416762603,123.61679416762603,123.61679416762603,1000
20230126,125.93556379862964,125.93556379862964,125.93556379862964,125.93556379862964,1000
20230127,126.3435585894755,126.3435585894755,126.3435585894755,126.3435585894755,1000
20230130,124.00022747884508,124.00022747884508,124.00022747884508,124.00022747884508,1000
20230131,124.6637339653323,124.6637339653323,124.6637339653323,124.6637339653323,1000
20230201,126.38242585033952,126.38242585033952,126.38242585033952,126.38242585033952,1000
20230202,126.94683970091832,126.94683970091832,126.94683970091832,126.94683970091832,1000
20230203,131.4264013783219,131.4264013783219,131.4264013783219,131.4264013783219,1000
20230206,132.10062080164445,132.10062080164445,132.10062080164445,132.10062080164445,1000
20230207,133.93529505207152,133.93529505207152,133.93529505207152,133.93529505207152,1000
20230208,134.0244076217716,134.0244076217716,134.0244076217716,134.0244076217716,1000
20230209,136.06172764204584,136.06172764204584,136.06172764204584,136.06172764204584,1000
20230210,131.24057350337154,131.24057350337154,131.24057350337154,131.24057350337154,1000
20230213,129.61806759013527,129.61806759013527,129.61806759013527,129.61806759013527,1000
20230214,128.9746212998536,128.9746212998536,128.9746212998536,128.9746212998536,1000
20230215,130.01401532919974,130.01401532919974,130.01401532919974,130.01401532919974,1000
20230216,130.44630779815816,130.44630779815816,130.44630779815816,130.44630779815816,1000
20230217,132.6349889252728,132.6349889252728,132.6349889252728,132.6349889252728,1000
20230220,133.41144555772482,133.41144555772482,133.41144555772482,133.41144555772482,1000
20230221,133.8930533398893,133.8930533398893,133.8930533398893,133.8930533398893,1000
20230222,133.66865285905237,133.66865285905237,133.66865285905237,133.66865285905237,1000
20230223,134.06412009528285,134.06412009528285,134.06412009528285,134.06412009528285,1000
20230224,135.799270075262,135.799270075262,135.799270075262,135.799270075262,1000
20230227,137.40570745496638,137.40570745496638,137.40570745496638,137.40570745496638,1000
20230228,139.28710561130777,139.28710561130777,139.28710561130777,139.28710561130777,1000
20230301,138.8554068890572,138.8554068890572,138.8554068890572,138.8554068890572,1000
20230302,137.47714899286706,137.47714899286706,137.47714899286706,137.47714899286706,1000
20230303,136.57378647575078,136.57378647575078,136.57378647575078,136.57378647575078,1000
20230306,137.35801311522337,137.35801311522337,137.35801311522337,137.35801311522337,1000
20230307,140.7468907036254,140.7468907036254,140.7468907036254,140.7468907036254,1000
20230308,141.32255801257946,141.32255801257946,141.32255801257946,141.32255801257946,1000
20230309,142.42134647237472,142.42134647237472,142.42134647237472,142.42134647237472,1000
20230310,138.9492464119771,138.9492464119771,138.9492464119771,138.9492464119771,1000
20230313,144.6042938013643,144.6042938013643,144.6042938013643,144.6042938013643,1000
20230314,142.2829853709869,142.2829853709869,142.2829853709869,142.2829853709869,1000
20230315,146.23371990852243,146.23371990852243,146.23371990852243,146.23371990852243,1000
20230316,145.0871437002749,145.0871437002749,145.0871437002749,145.0871437002749,1000
20230317,147.24396109596407,147.24396109596407,147.24396109596407,147.24396109596407,1000
20230320,149.1181279110251,149.1181279110251,149.1181279110251,149.1181279110251,1000
20230321,149.3365548021758,149.3365548021758,149.3365548021758,149.3365548021758,1000
20230322,149.03846700634034,149.03846700634034,149.03846700634034,149.03846700634034,1000
20230323,147.00995709840132,147.00995709840132,147.00995709840132,147.00995709840132,1000
20230324,146.9652781959652,146.9652781959652,146.9652781959652,146.9652781959652,1000
20230327,149.46619266146448,149.46619266146448,149.46619266146448,149.46619266146448,1000
20230328,150.37522185877418,150.37522185877418,150.37522185877418,150.37522185877418,1000
20230329,148.45764984063666,148.45764984063666,148.45764984063666,148.45764984063666,1000
20230330,151.11070288648415,151.11070288648415,151.11070288648415,151.11070288648415,1000
20230331,148.4579843607287,148.4579843607287,148.4579843607287,148.4579843607287,1000
20230403,148.99949779354301,148.99949779354301,148.99949779354301,148.99949779354301,1000
20230404,147.0822014848796,147.0822014848796,147.0822014848796,147.0822014848796,1000
20230405,145.42895103208116,145.42895103208116,145.42895103208116,145.42895103208116,1000
20230406,147.857027005632,147.857027005632,147.857027005632,147.857027005632,1000
20230407,146.90444135932105,146.90444135932105,146.90444135932105,146.90444135932105,1000
20230410,143.63932338562057,143.63932338562057,143.63932338562057,143.63932338562057,1000
20230411,142.55042556631653,142.55042556631653,142.55042556631653,142.55042556631653,1000
20230412,144.23955229627862,144.23955229627862,144.23955229627862,144.23955229627862,1000
20230413,142.73354881300918,142.73354881300918,142.73354881300918,142.73354881300918,1000
20230414,145.4057691676519,145.4057691676519,145.4057691676519,145.4057691676519,1000
20230417,147.67762445692193,147.67762445692193,147.67762445692193,147.67762445692193,1000
20230418,147.9137971792207,147.9137971792207,147.9137971792207,147.9137971792207,1000
20230419,150.59192234993577,150.59192234993577,150.59192234993577,150.59192234993577,1000
20230420,154.87540040351396,154.87540040351396,154.87540040351396,154.87540040351396,1000
20230421,150.34459065128956,150.34459065128956,150.34459065128956,150.34459065128956,1000
20230424,153.02829180223532,153.02829180223532,153.02829180223532,153.02829180223532,1000
20230425,154.5033673146552,154.5033673146552,154.5033673146552,154.5033673146552,1000
20230426,153.83158381725266,153.83158381725266,153.83158381725266,153.83158381725266,1000
20230427,155.4409981681471,155.4409981681471,155.4409981681471,155.4409981681471,1000
20230428,156.44373093271238,156.44373093271238,156.44373093271238,156.44373093271238,1000
20230501,155.1700047306519,155.1700047306519,155.1700047306519,155.1700047306519,1000
20230502,158.71149255710205,158.71149255710205,158.71149255710205,158.71149255710205,1000
20230503,159.12473014673694,159.12473014673694,159.12473014673694,159.12473014673694,1000
20230504,162.0406512539101,162.0406512539101,162.0406512539101,162.0406512539101,1000
20230505,161.52436043992233,161.52436043992233,161.52436043992233,161.52436043992233,1000
20230508,157.64231638387193,157.64231638387193,157.64231638387193,157.64231638387193,1000
20230509,158.29999560793487,158.29999560793487,158.29999560793487,158.29999560793487,1000
20230510,157.82094286654478,157.82094286654478,157.82094286654478,157.82094286654478,1000
20230511,154.91507784176767,154.91507784176767,154.91507784176767,154.91507784176767,1000
20230512,151.06086522980505,151.06086522980505,151.06086522980505,151.06086522980505,1000
20230515,152.53321980807283,152.53321980807283,152.53321980807283,152.53321980807283,1000
