<DATE>,<CLOSE>,<OPEN>,<HIGH>,<LOW>,<VOL>
20220103,99.5815072776847,99.5815072776847,99.5815072776847,99.5815072776847,1000
20220104,100.13809526768871,100.13809526768871,100.13809526768871,100.13809526768871,1000
20220105,99.95397856103766,99.95397856103766,99.95397856103766,99.95397856103766,1000
20220106,99.25161743661387,99.25161743661387,99.25161743661387,99.25161743661387,1000
20220107,99.65195214815554,99.65195214815554,99.65195214815554,99.65195214815554,1000
20220110,97.0655775243403,97.0655775243403,97.0655775243403,97.0655775243403,1000
20220111,95.518553080365,95.518553080365,95.518553080365,95.518553080365,1000
20220112,94.00778521115973,94.00778521115973,94.00778521115973,94.00778521115973,1000
20220113,93.62446369302802,93.62446369302802,93.62446369302802,93.62446369302802,1000
20220114,93.00595936612692,93.00595936612692,93.00595936612692,93.00595936612692,1000
20220117,92.77261503332653,92.77261503332653,92.77261503332653,92.77261503332653,1000
20220118,93.3132893431027,93.3132893431027,93.3132893431027,93.3132893431027,1000
20220119,94.3250634899953,94.3250634899953,94.3250634899953,94.3250634899953,1000
20220120,94.95315947970286,94.95315947970286,94.95315947970286,94.95315947970286,1000
20220121,94.19593874445926,94.19593874445926,94.19593874445926,94.19593874445926,1000
20220124,95.08993924484045,95.08993924484045,95.08993924484045,95.08993924484045,1000
20220125,94.90508016401328,94.90508016401328,94.90508016401328,94.90508016401328,1000
20220126,97.23055998859058,97.23055998859058,97.23055998859058,97.23055998859058,1000
20220127,98.27330019031135,98.27330019031135,98.27330019031135,98.27330019031135,1000
20220128,98.34437159038045,98.34437159038045,98.34437159038045,98.34437159038045,1000
20220131,98.26405428467092,98.26405428467092,98.26405428467092,98.26405428467092,1000
20220201,96.86558310017136,96.86558310017136,96.86558310017136,96.86558310017136,1000
20220202,97.09083017914443,97.09083017914443,97.09083017914443,97.09083017914443,1000
20220203,95.48285463847897,95.48285463847897,95.48285463847897,95.48285463847897,1000
20220204,96.0304525020194,96.0304525020194,96.0304525020194,96.0304525020194,1000
20220207,93.40135983119661,93.40135983119661,93.40135983119661,93.40135983119661,1000
20220208,91.8128148812889,91.8128148812889,91.8128148812889,91.8128148812889,1000
20220209,93.82107812166296,93.82107812166296,93.82107812166296,93.82107812166296,1000
20220210,95.97412929737341,95.97412929737341,95.97412929737341,95.97412929737341,1000
20220211,97.87911795048252,97.87911795048252,97.87911795048252,97.87911795048252,1000
20220214,95.26807707891157,95.26807707891157,95.26807707891157,95.26807707891157,1000
20220215,93.17459841615315,93.17459841615315,93.17459841615315,93.17459841615315,1000
20220216,91.19443803570307,91.19443803570307,91.19443803570307,91.19443803570307,1000
20220217,88.92291185329427,88.92291185329427,88.92291185329427,88.92291185329427,1000
20220218,89.27050799562421,89.27050799562421,89.27050799562421,89.27050799562421,1000
20220221,88.65936025328004,88.65936025328004,88.65936025328004,88.65936025328004,1000
20220222,88.70298707766577,88.70298707766577,88.70298707766577,88.70298707766577,1000
20220223,88.09503549814744,88.09503549814744,88.09503549814744,88.09503549814744,1000
20220224,87.09091583347305,87.09091583347305,87.09091583347305,87.09091583347305,1000
20220225,89.81106833763226,89.81106833763226,89.81106833763226,89.81106833763226,1000
20220228,90.66856480141503,90.66856480141503,90.66856480141503,90.66856480141503,1000
20220301,89.35631583691159,89.35631583691159,89.35631583691159,89.35631583691159,1000
20220302,91.02956854345288,91.02956854345288,91.02956854345288,91.02956854345288,1000
20220303,90.16362725473859,90.16362725473859,90.16362725473859,90.16362725473859,1000
20220304,89.84015742877769,89.84015742877769,89.84015742877769,89.84015742877769,1000
20220307,91.7943261436587,91.7943261436587,91.7943261436587,91.7943261436587,1000
20220308,90.76263737805863,90.76263737805863,90.76263737805863,90.76263737805863,1000
20220309,90.46722219694362,90.46722219694362,90.46722219694362,90.46722219694362,1000
20220310,90.09407051464649,90.09407051464649,90.09407051464649,90.09407051464649,1000
20220311,92.47663707979339,92.47663707979339,92.47663707979339,92.47663707979339,1000
20220314,95.26703503629746,95.26703503629746,95.26703503629746,95.26703503629746,1000
20220315,95.62860396515792,95.62860396515792,95.62860396515792,95.62860396515792,1000
20220316,98.39440292182066,98.39440292182066,98.39440292182066,98.39440292182066,1000
20220317,96.42440021491242,96.42440021491242,96.42440021491242,96.42440021491242,1000
20220318,96.19591480844984,96.19591480844984,96.19591480844984,96.19591480844984,1000
20220321,98.10144650610218,98.10144650610218,98.10144650610218,98.10144650610218,1000
20220322,97.78720214873088,97.78720214873088,97.78720214873088,97.78720214873088,1000
20220323,98.33855242891177,98.33855242891177,98.33855242891177,98.33855242891177,1000
20220324,98.7162467777442,98.7162467777442,98.7162467777442,98.7162467777442,1000
20220325,99.77487048786212,99.77487048786212,99.77487048786212,99.77487048786212,1000
20220328,100.20108212254463,100.20108212254463,100.20108212254463,100.20108212254463,1000
20220329,98.023939655852,98.023939655852,98.023939655852,98.023939655852,1000
20220330,97.50418471043794,97.50418471043794,97.50418471043794,97.50418471043794,1000
20220331,96.47988270990501,96.47988270990501,96.47988270990501,96.47988270990501,1000
20220401,97.37614927931205,97.37614927931205,97.37614927931205,97.37614927931205,1000
20220404,94.88947097330443,94.88947097330443,94.88947097330443,94.88947097330443,1000
20220405,93.76024563899543,93.76024563899543,93.76024563899543,93.76024563899543,1000
20220406,95.47207458417213,95.47207458417213,95.47207458417213,95.47207458417213,1000
20220407,96.0282653577814,96.0282653577814,96.0282653577814,96.0282653577814,1000
20220408,99.5950190879208,99.5950190879208,99.5950190879208,99.5950190879208,1000
20220411,99.58965270636561,99.58965270636561,99.58965270636561,99.58965270636561,1000
20220412,95.5885676199196,95.5885676199196,95.5885676199196,95.5885676199196,1000
20220413,97.05798801145517,97.05798801145517,97.05798801145517,97.05798801145517,1000
20220414,97.38639745272798,97.38639745272798,97.38639745272798,97.38639745272798,1000
20220415,96.91973260849645,96.91973260849645,96.91973260849645,96.91973260849645,1000
20220418,95.02079956104733,95.02079956104733,95.02079956104733,95.02079956104733,1000
20220419,94.79939266080089,94.79939266080089,94.79939266080089,94.79939266080089,1000
20220420,95.69513313390675,95.69513313390675,95.69513313390675,95.69513313390675,1000
20220421,96.2316782553766,96.2316782553766,96.2316782553766,96.2316782553766,1000
20220422,96.40021650747525,96.40021650747525,96.40021650747525,96.40021650747525,1000
20220425,97.32468319267986,97.32468319267986,97.32468319267986,97.32468319267986,1000
20220426,97.6199719482123,97.6199719482123,97.6199719482123,97.6199719482123,1000
20220427,96.14753391206811,96.14753391206811,96.14753391206811,96.14753391206811,1000
20220428,96.60698175451824,96.60698175451824,96.60698175451824,96.60698175451824,1000
20220429,97.38330297644534,97.38330297644534,97.38330297644534,97.38330297644534,1000
20220502,100.25690162735124,100.25690162735124,100.25690162735124,100.25690162735124,1000
20220503,100.37970361604035,100.37970361604035,100.37970361604035,100.37970361604035,1000
20220504,98.84625002615928,98.84625002615928,98.84625002615928,98.84625002615928,1000
20220505,100.62535756510096,100.62535756510096,100.62535756510096,100.62535756510096,1000
20220506,101.78576995610354,101.78576995610354,101.78576995610354,101.78576995610354,1000
20220509,100.97688363385751,100.97688363385751,100.97688363385751,100.97688363385751,1000
20220510,99.19008526644386,99.19008526644386,99.19008526644386,99.19008526644386,1000
20220511,101.54306477269827,101.54306477269827,101.54306477269827,101.54306477269827,1000
20220512,99.00772432178432,99.00772432178432,99.00772432178432,99.00772432178432,1000
20220513,98.11894244183125,98.11894244183125,98.11894244183125,98.11894244183125,1000
20220516,98.58947173688205,98.58947173688205,98.58947173688205,98.58947173688205,1000
20220517,97.08898128628837,97.08898128628837,97.08898128628837,97.08898128628837,1000
20220518,96.86599183888521,96.86599183888521,96.86599183888521,96.86599183888521,1000
20220519,97.63736705246865,97.63736705246865,97.63736705246865,97.63736705246865,1000
20220520,97.09376779080168,97.09376779080168,97.09376779080168,97.09376779080168,1000
20220523,95.27213627646225,95.27213627646225,95.27213627646225,95.27213627646225,1000
20220524,94.44194854924946,94.44194854924946,94.44194854924946,94.44194854924946,1000
20220525,94.33635860740046,94.33635860740046,94.33635860740046,94.33635860740046,1000
20220526,95.98765506783484,95.98765506783484,95.98765506783484,95.98765506783484,1000
20220527,94.54364613000509,94.54364613000509,94.54364613000509,94.54364613000509,1000
20220530,96.73425658666027,96.73425658666027,96.73425658666027,96.73425658666027,1000
20220531,95.52274642547664,95.52274642547664,95.52274642547664,95.52274642547664,1000
20220601,97.56535316046194,97.56535316046194,97.56535316046194,97.56535316046194,1000
20220602,100.79734181313198,100.79734181313198,100.79734181313198,100.79734181313198,1000
20220603,102.81180876272566,102.81180876272566,102.81180876272566,102.81180876272566,1000
20220606,102.57315989172527,102.57315989172527,102.57315989172527,102.57315989172527,1000
20220607,105.1924013347828,105.1924013347828,105.1924013347828,105.1924013347828,1000
20220608,107.066784046031,107.066784046031,107.066784046031,107.066784046031,1000
20220609,107.89409293359304,107.89409293359304,107.89409293359304,107.89409293359304,1000
20220610,107.65990257031162,107.65990257031162,107.65990257031162,107.65990257031162,1000
20220613,107.09008594244077,107.09008594244077,107.09008594244077,107.09008594244077,1000
20220614,106.93468598419894,106.93468598419894,106.93468598419894,106.93468598419894,1000
20220615,110.7730374139849,110.7730374139849,110.7730374139849,110.7730374139849,1000
20220616,111.68746835935104,111.68746835935104,111.68746835935104,111.68746835935104,1000
20220617,112.48271887910771,112.48271887910771,112.48271887910771,112.48271887910771,1000
20220620,111.73629838058649,111.73629838058649,111.73629838058649,111.73629838058649,1000
20220621,112.34255103298388,112.34255103298388,112.34255103298388,112.34255103298388,1000
20220622,111.9221558813593,111.9221558813593,111.9221558813593,111.9221558813593,1000
20220623,110.76899010396602,110.76899010396602,110.76899010396602,110.76899010396602,1000
20220624,110.97135209025775,110.97135209025775,110.97135209025775,110.97135209025775,1000
20220627,110.2403022388518,110.2403022388518,110.2403022388518,110.2403022388518,1000
20220628,110.51034462026227,110.51034462026227,110.51034462026227,110.51034462026227,1000
20220629,110.3885062151718,110.3885062151718,110.3885062151718,110.3885062151718,1000
20220630,109.27749644935541,109.27749644935541,109.27749644935541,109.27749644935541,1000
20220701,110.17987312935749,110.17987312935749,110.17987312935749,110.17987312935749,1000
20220704,111.1949264956593,111.1949264956593,111.1949264956593,111.1949264956593,1000
20220705,106.54398956472207,106.54398956472207,106.54398956472207,106.54398956472207,1000
20220706,106.19833302558017,106.19833302558017,106.19833302558017,106.19833302558017,1000
20220707,105.96932626593467,105.96932626593467,105.96932626593467,105.96932626593467,1000
20220708,105.61485489749312,105.61485489749312,105.61485489749312,105.61485489749312,1000
20220711,107.68202489052061,107.68202489052061,107.68202489052061,107.68202489052061,1000
20220712,107.86666467871828,107.86666467871828,107.86666467871828,107.86666467871828,1000
20220713,107.24436994897695,107.24436994897695,107.24436994897695,107.24436994897695,1000
20220714,106.0642268259282,106.0642268259282,106.0642268259282,106.0642268259282,1000
20220715,107.12205750051207,107.12205750051207,107.12205750051207,107.12205750051207,1000
20220718,104.5621936926919,104.5621936926919,104.5621936926919,104.5621936926919,1000
20220719,104.12194721858907,104.12194721858907,104.12194721858907,104.12194721858907,1000
20220720,103.21274585675111,103.21274585675111,103.21274585675111,103.21274585675111,1000
20220721,102.64664830181447,102.64664830181447,102.64664830181447,102.64664830181447,1000
20220722,102.20747879408248,102.20747879408248,102.20747879408248,102.20747879408248,1000
20220725,100.44823699159058,100.44823699159058,100.44823699159058,100.44823699159058,1000
20220726,98.731309886474,98.731309886474,98.731309886474,98.731309886474,1000
20220727,98.70319034855588,98.70319034855588,98.70319034855588,98.70319034855588,1000
20220728,97.49972619999045,97.49972619999045,97.49972619999045,97.49972619999045,1000
20220729,99.61716472796502,99.61716472796502,99.61716472796502,99.61716472796502,1000
20220801,100.16882493215475,100.16882493215475,100.16882493215475,100.16882493215475,1000
20220802,98.54680042833495,98.54680042833495,98.54680042833495,98.54680042833495,1000
20220803,99.35454836431657,99.35454836431657,99.35454836431657,99.35454836431657,1000
20220804,99.06395802379183,99.06395802379183,99.06395802379183,99.06395802379183,1000
20220805,99.46088852952566,99.46088852952566,99.46088852952566,99.46088852952566,1000
20220808,101.81054311782658,101.81054311782658,101.81054311782658,101.81054311782658,1000
20220809,103.26440932403709,103.26440932403709,103.26440932403709,103.26440932403709,1000
20220810,101.90095388938647,101.90095388938647,101.90095388938647,101.90095388938647,1000
20220811,102.71990350191022,102.71990350191022,102.71990350191022,102.71990350191022,1000
20220812,102.11170292762301,102.11170292762301,102.11170292762301,102.11170292762301,1000
20220815,103.72968138331018,103.72968138331018,103.72968138331018,103.72968138331018,1000
20220816,103.73141291114187,103.73141291114187,103.73141291114187,103.73141291114187,1000
20220817,101.30259087479455,101.30259087479455,101.30259087479455,101.30259087479455,1000
20220818,96.08612581425862,96.08612581425862,96.08612581425862,96.08612581425862,1000
20220819,95.15717376583767,95.15717376583767,95.15717376583767,95.15717376583767,1000
20220822,94.0225135264907,94.0225135264907,94.0225135264907,94.0225135264907,1000
20220823,92.95656829689034,92.95656829689034,92.95656829689034,92.95656829689034,1000
20220824,96.03384544061473,96.03384544061473,96.03384544061473,96.03384544061473,1000
20220825,96.25027712924756,96.25027712924756,96.25027712924756,96.25027712924756,1000
20220826,97.55332764149122,97.55332764149122,97.55332764149122,97.55332764149122,1000
20220829,96.20908309805625,96.20908309805625,96.20908309805625,96.20908309805625,1000
20220830,97.20365212785053,97.20365212785053,97.20365212785053,97.20365212785053,1000
20220831,96.44445537708467,96.44445537708467,96.44445537708467,96.44445537708467,1000
20220901,94.2190736835021,94.2190736835021,94.2190736835021,94.2190736835021,1000
20220902,93.80695000844604,93.80695000844604,93.80695000844604,93.80695000844604,1000
20220905,93.77743140369034,93.77743140369034,93.77743140369034,93.77743140369034,1000
20220906,92.29724661216446,92.29724661216446,92.29724661216446,92.29724661216446,1000
20220907,94.32309139667146,94.32309139667146,94.32309139667146,94.32309139667146,1000
20220908,94.44196216099614,94.44196216099614,94.44196216099614,94.44196216099614,1000
20220909,92.29833940770301,92.29833940770301,92.29833940770301,92.29833940770301,1000
20220912,88.94593642513318,88.94593642513318,88.94593642513318,88.94593642513318,1000
20220913,90.00619063948716,90.00619063948716,90.00619063948716,90.00619063948716,1000
20220914,91.11932722813218,91.11932722813218,91.11932722813218,91.11932722813218,1000
20220915,92.0379264011979,92.0379264011979,92.0379264011979,92.0379264011979,1000
20220916,90.8101146254474,90.8101146254474,90.8101146254474,90.8101146254474,1000
20220919,89.62691052777944,89.62691052777944,89.62691052777944,89.62691052777944,1000
20220920,90.46139379828733,90.46139379828733,90.46139379828733,90.46139379828733,1000
20220921,89.94838428645392,89.94838428645392,89.94838428645392,89.94838428645392,1000
20220922,90.00019735149999,90.00019735149999,90.00019735149999,90.00019735149999,1000
20220923,90.96329914105102,90.96329914105102,90.96329914105102,90.96329914105102,1000
20220926,92.54092493522924,92.54092493522924,92.54092493522924,92.54092493522924,1000
20220927,91.52193295893673,91.52193295893673,91.52193295893673,91.52193295893673,1000
20220928,91.3599773990859,91.3599773990859,91.3599773990859,91.3599773990859,1000
20220929,91.77404560373077,91.77404560373077,91.77404560373077,91.77404560373077,1000
20220930,90.98617578411557,90.98617578411557,90.98617578411557,90.98617578411557,1000
20221003,92.3713165069221,92.3713165069221,92.3713165069221,92.3713165069221,1000
20221004,90.98025975087783,90.98025975087783,90.98025975087783,90.98025975087783,1000
20221005,91.67226813249742,91.67226813249742,91.67226813249742,91.67226813249742,1000
20221006,91.14163305454477,91.14163305454477,91.14163305454477,91.14163305454477,1000
20221007,92.9514969983697,92.9514969983697,92.9514969983697,92.9514969983697,1000
20221010,93.20040973024433,93.20040973024433,93.20040973024433,93.20040973024433,1000
20221011,92.37597995210236,92.37597995210236,92.37597995210236,92.37597995210236,1000
20221012,92.04907653351134,92.04907653351134,92.04907653351134,92.04907653351134,1000
20221013,90.37589801843473,90.37589801843473,90.37589801843473,90.37589801843473,1000
20221014,91.4071619999203,91.4071619999203,91.4071619999203,91.4071619999203,1000
20221017,91.26298651209218,91.26298651209218,91.26298651209218,91.26298651209218,1000
20221018,91.02501093478097,91.02501093478097,91.02501093478097,91.02501093478097,1000
20221019,91.7135391735732,91.7135391735732,91.7135391735732,91.7135391735732,1000
20221020,92.52573471302792,92.52573471302792,92.52573471302792,92.52573471302792,1000
20221021,92.05185859393382,92.05185859393382,92.05185859393382,92.05185859393382,1000
20221024,90.54052937184231,90.54052937184231,90.54052937184231,90.54052937184231,1000
20221025,92.17631223125265,92.17631223125265,92.17631223125265,92.17631223125265,1000
20221026,92.84769957690985,92.84769957690985,92.84769957690985,92.84769957690985,1000
20221027,93.13661821707814,93.13661821707814,93.13661821707814,93.13661821707814,1000
20221028,94.41389136516517,94.41389136516517,94.41389136516517,94.41389136516517,1000
20221031,94.11918794315584,94.11918794315584,94.11918794315584,94.11918794315584,1000
20221101,96.43134225511737,96.43134225511737,96.43134225511737,96.43134225511737,1000
20221102,96.24611951602168,96.24611951602168,96.24611951602168,96.24611951602168,1000
20221103,95.99859997402955,95.99859997402955,95.99859997402955,95.99859997402955,1000
20221104,96.31160087614894,96.31160087614894,96.31160087614894,96.31160087614894,1000
20221107,95.92140910502481,95.92140910502481,95.92140910502481,95.92140910502481,1000
20221108,95.80902360174314,95.80902360174314,95.80902360174314,95.80902360174314,1000
20221109,96.11131292755587,96.11131292755587,96.11131292755587,96.11131292755587,1000
20221110,95.22021606222492,95.22021606222492,95.22021606222492,95.22021606222492,1000
20221111,95.95185312474354,95.95185312474354,95.95185312474354,95.95185312474354,1000
20221114,96.1375460382513,96.1375460382513,96.1375460382513,96.1375460382513,1000
20221115,99.04259796085208,99.04259796085208,99.04259796085208,99.04259796085208,1000
20221116,98.69118644363427,98.69118644363427,98.69118644363427,98.69118644363427,1000
20221117,97.68126883269396,97.68126883269396,97.68126883269396,97.68126883269396,1000
20221118,96.48926319163324,96.48926319163324,96.48926319163324,96.48926319163324,1000
20221121,97.19142186632502,97.19142186632502,97.19142186632502,97.19142186632502,1000
20221122,97.7189277024748,97.7189277024748,97.7189277024748,97.7189277024748,1000
20221123,96.45354579062881,96.45354579062881,96.45354579062881,96.45354579062881,1000
20221124,97.77968343810306,97.77968343810306,97.77968343810306,97.77968343810306,1000
20221125,95.51422993250756,95.51422993250756,95.51422993250756,95.51422993250756,1000
20221128,94.28052863395229,94.28052863395229,94.28052863395229,94.28052863395229,1000
20221129,93.71903083671054,93.71903083671054,93.71903083671054,93.71903083671054,1000
20221130,93.72590305115129,93.72590305115129,93.72590305115129,93.72590305115129,1000
20221201,92.58137463844437,92.58137463844437,92.58137463844437,92.58137463844437,1000
20221202,94.5820510068575,94.5820510068575,94.5820510068575,94.5820510068575,1000
20221205,96.28105082890764,96.28105082890764,96.28105082890764,96.28105082890764,1000
20221206,96.57560312711905,96.57560312711905,96.57560312711905,96.57560312711905,1000
20221207,96.84758651020414,96.84758651020414,96.84758651020414,96.84758651020414,1000
20221208,96.90990112589823,96.90990112589823,96.90990112589823,96.90990112589823,1000
20221209,97.08277720428569,97.08277720428569,97.08277720428569,97.08277720428569,1000
20221212,98.3042055054062,98.3042055054062,98.3042055054062,98.3042055054062,1000
20221213,99.65527141797281,99.65527141797281,99.65527141797281,99.65527141797281,1000
20221214,100.48807639380428,100.48807639380428,100.48807639380428,100.48807639380428,1000
20221215,100.05423919819077,100.05423919819077,100.05423919819077,100.05423919819077,1000
20221216,97.92112622385848,97.92112622385848,97.92112622385848,97.92112622385848,1000
20221219,95.53837739400244,95.53837739400244,95.53837739400244,95.53837739400244,1000
20221220,95.94260769056642,95.94260769056642,95.94260769056642,95.94260769056642,1000
20221221,93.98115042087944,93.98115042087944,93.98115042087944,93.98115042087944,1000
20221222,93.28040711196388,93.28040711196388,93.28040711196388,93.28040711196388,1000
20221223,94.92135875563706,94.92135875563706,94.92135875563706,94.92135875563706,1000
20221226,95.52184924138454,95.52184924138454,95.52184924138454,95.52184924138454,1000
20221227,95.72050295798513,95.72050295798513,95.72050295798513,95.72050295798513,1000
20221228,95.99811280952039,95.99811280952039,95.99811280952039,95.99811280952039,1000
20221229,97.02899678955846,97.02899678955846,97.02899678955846,97.02899678955846,1000
20221230,98.06894400221825,98.06894400221825,98.06894400221825,98.06894400221825,1000
20230102,96.76707730659551,96.76707730659551,96.76707730659551,96.76707730659551,1000
20230103,95.15148925465397,95.15148925465397,95.15148925465397,95.15148925465397,1000
20230104,94.00563467859111,94.00563467859111,94.00563467859111,94.00563467859111,1000
20230105,93.93457410778188,93.93457410778188,93.93457410778188,93.93457410778188,1000
20230106,97.06667176714092,97.06667176714092,97.06667176714092,97.06667176714092,1000
20230109,97.39156421622909,97.39156421622909,97.39156421622909,97.39156421622909,1000
20230110,97.55764902558927,97.55764902558927,97.55764902558927,97.55764902558927,1000
20230111,99.1357968036206,99.1357968036206,99.1357968036206,99.1357968036206,1000
20230112,100.55613751002844,100.55613751002844,100.55613751002844,100.55613751002844,1000
20230113,99.52128600068696,99.52128600068696,99.52128600068696,99.52128600068696,1000
20230116,96.37865666450526,96.37865666450526,96.37865666450526,96.37865666450526,1000
20230117,100.17594195644686,100.17594195644686,100.17594195644686,100.17594195644686,1000
20230118,99.62170430097768,99.62170430097768,99.62170430097768,99.62170430097768,1000
20230119,98.84322759383116,98.84322759383116,98.84322759383116,98.84322759383116,1000
20230120,100.66357658574934,100.66357658574934,100.66357658574934,100.66357658574934,1000
20230123,99.1271999641959,99.1271999641959,99.1271999641959,99.1271999641959,1000
20230124,98.62610302167826,98.62610302167826,98.62610302167826,98.62610302167826,1000
20230125,96.4391584527604,96.4391584527604,96.4391584527604,96.4391584527604,1000
20230126,97.81485113767133,97.81485113767133,97.81485113767133,97.81485113767133,1000
20230127,96.72163773210322,96.72163773210322,96.72163773210322,96.72163773210322,1000
20230130,96.83610208567353,96.83610208567353,96.83610208567353,96.83610208567353,1000
20230131,97.98268963674587,97.98268963674587,97.98268963674587,97.98268963674587,1000
20230201,97.67606490513144,97.67606490513144,97.67606490513144,97.67606490513144,1000
20230202,101.05661540881357,101.05661540881357,101.05661540881357,101.05661540881357,1000
20230203,100.82639937274107,100.82639937274107,100.82639937274107,100.82639937274107,1000
20230206,98.33146286978206,98.33146286978206,98.33146286978206,98.33146286978206,1000
20230207,99.47096813745053,99.47096813745053,99.47096813745053,99.47096813745053,1000
20230208,100.71177295608959,100.71177295608959,100.71177295608959,100.71177295608959,1000
20230209,102.05335799739026,102.05335799739026,102.05335799739026,102.05335799739026,1000
20230210,100.85980630367266,100.85980630367266,100.85980630367266,100.85980630367266,1000
20230213,99.96217985824532,99.96217985824532,99.96217985824532,99.96217985824532,1000
20230214,99.71245264041228,99.71245264041228,99.71245264041228,99.71245264041228,1000
20230215,100.96444794047581,100.96444794047581,100.96444794047581,100.96444794047581,1000
20230216,100.62222264991254,100.62222264991254,100.62222264991254,100.62222264991254,1000
20230217,102.48319512381592,102.48319512381592,102.48319512381592,102.48319512381592,1000
20230220,103.5916831200114,103.5916831200114,103.5916831200114,103.5916831200114,1000
20230221,104.42920819920418,104.42920819920418,104.42920819920418,104.42920819920418,1000
20230222,103.00444620007043,103.00444620007043,103.00444620007043,103.00444620007043,1000
20230223,99.88437998913948,99.88437998913948,99.88437998913948,99.88437998913948,1000
20230224,99.9279006500486,99.9279006500486,99.9279006500486,99.9279006500486,1000
20230227,101.85145821565872,101.85145821565872,101.85145821565872,101.85145821565872,1000
20230228,103.06312670562843,103.06312670562843,103.06312670562843,103.06312670562843,1000
20230301,101.5133167028531,101.5133167028531,101.5133167028531,101.5133167028531,1000
20230302,102.49385641540914,102.49385641540914,102.49385641540914,102.49385641540914,1000
20230303,102.41462107554618,102.41462107554618,102.41462107554618,102.41462107554618,1000
20230306,103.07323390322829,103.07323390322829,103.07323390322829,103.07323390322829,1000
20230307,101.04845768845885,101.04845768845885,101.04845768845885,101.04845768845885,1000
20230308,99.37286927742419,99.37286927742419,99.37286927742419,99.37286927742419,1000
20230309,98.89551824590002,98.89551824590002,98.89551824590002,98.89551824590002,1000
20230310,100.51206758090588,100.51206758090588,100.51206758090588,100.51206758090588,1000
20230313,99.84324472083246,99.84324472083246,99.84324472083246,99.84324472083246,1000
20230314,99.86986793223565,99.86986793223565,99.86986793223565,99.86986793223565,1000
20230315,101.74682070419799,101.74682070419799,101.74682070419799,101.74682070419799,1000
20230316,100.86474256092536,100.86474256092536,100.86474256092536,100.86474256092536,1000
20230317,100.02828594840516,100.02828594840516,100.02828594840516,100.02828594840516,1000
20230320,98.92953007632022,98.92953007632022,98.92953007632022,98.92953007632022,1000
20230321,100.6236351229075,100.6236351229075,100.6236351229075,100.6236351229075,1000
20230322,99.7898495087049,99.7898495087049,99.7898495087049,99.7898495087049,1000
20230323,97.64204543646889,97.64204543646889,97.64204543646889,97.64204543646889,1000
20230324,96.60825349704042,96.60825349704042,96.60825349704042,96.60825349704042,1000
20230327,96.90071671256811,96.90071671256811,96.90071671256811,96.90071671256811,1000
20230328,97.08504335710751,97.08504335710751,97.08504335710751,97.08504335710751,1000
20230329,97.86577716055228,97.86577716055228,97.86577716055228,97.86577716055228,1000
20230330,99.59761448242965,99.59761448242965,99.59761448242965,99.59761448242965,1000
20230331,99.96458375680322,99.96458375680322,99.96458375680322,99.96458375680322,1000
20230403,99.17530713568105,99.17530713568105,99.17530713568105,99.17530713568105,1000
20230404,96.27355536718665,96.27355536718665,96.27355536718665,96.27355536718665,1000
20230405,96.56044388502394,96.56044388502394,96.56044388502394,96.56044388502394,1000
20230406,97.6299560983901,97.6299560983901,97.6299560983901,97.6299560983901,1000
20230407,98.30080700885361,98.30080700885361,98.30080700885361,98.30080700885361,1000
20230410,99.09616389250914,99.09616389250914,99.09616389250914,99.09616389250914,1000
20230411,98.0701156054772,98.0701156054772,98.0701156054772,98.0701156054772,1000
20230412,98.90353490897282,98.90353490897282,98.90353490897282,98.90353490897282,1000
20230413,96.23753680654004,96.23753680654004,96.23753680654004,96.23753680654004,1000
20230414,94.0793065960091,94.0793065960091,94.0793065960091,94.0793065960091,1000
20230417,91.48813648908764,91.48813648908764,91.48813648908764,91.48813648908764,1000
20230418,92.60687155371151,92.60687155371151,92.60687155371151,92.60687155371151,1000
20230419,93.55062260897881,93.55062260897881,93.55062260897881,93.55062260897881,1000
20230420,94.49363799987253,94.49363799987253,94.49363799987253,94.49363799987253,1000
20230421,96.94875352513012,96.94875352513012,96.94875352513012,96.94875352513012,1000
20230424,95.183705248898,95.183705248898,95.183705248898,95.183705248898,1000
20230425,95.59889379834074,95.59889379834074,95.59889379834074,95.59889379834074,1000
20230426,95.05774499147978,95.05774499147978,95.05774499147978,95.05774499147978,1000
20230427,94.08030025339019,94.08030025339019,94.08030025339019,94.08030025339019,1000
20230428,95.21475400823927,95.21475400823927,95.21475400823927,95.21475400823927,1000
20230501,94.68882274325874,94.68882274325874,94.68882274325874,94.68882274325874,1000
20230502,93.17890129920447,93.17890129920447,93.17890129920447,93.17890129920447,1000
20230503,94.24287781912197,94.24287781912197,94.24287781912197,94.24287781912197,1000
20230504,93.58539534113677,93.58539534113677,93.58539534113677,93.58539534113677,1000
20230505,93.43382828359962,93.43382828359962,93.43382828359962,93.43382828359962,1000
20230508,94.6379848008144,94.6379848008144,94.6379848008144,94.6379848008144,1000
20230509,94.22004385331091,94.22004385331091,94.22004385331091,94.22004385331091,1000
20230510,93.73141834737551,93.73141834737551,93.73141834737551,93.73141834737551,1000
20230511,94.30291387776504,94.30291387776504,94.30291387776504,94.30291387776504,1000
20230512,96.62981821130906,96.62981821130906,96.62981821130906,96.62981821130906,1000
20230515,94.30380992722274,94.30380992722274,94.30380992722274,94.30380992722274,1000
