<DATE>,<CLOSE>,<OPEN>,<HIGH>,<LOW>,<VOL>
20220103,100.05166283206832,100.05166283206832,100.05166283206832,100.05166283206832,1000
20220104,99.66714817960968,99.66714817960968,99.66714817960968,99.66714817960968,1000
20220105,98.04845456961263,98.04845456961263,98.04845456961263,98.04845456961263,1000
20220106,98.07853178105461,98.07853178105461,98.07853178105461,98.07853178105461,1000
20220107,97.5709339935645,97.5709339935645,97.5709339935645,97.5709339935645,1000
20220110,96.91554705956278,96.91554705956278,96.91554705956278,96.91554705956278,1000
20220111,94.75821011413986,94.75821011413986,94.75821011413986,94.75821011413986,1000
20220112,94.10787696416062,94.10787696416062,94.10787696416062,94.10787696416062,1000
20220113,93.81518182860181,93.81518182860181,93.81518182860181,93.81518182860181,1000
20220114,92.95027978757506,92.95027978757506,92.95027978757506,92.95027978757506,1000
20220117,93.88334873481934,93.88334873481934,93.88334873481934,93.88334873481934,1000
20220118,96.38081100636047,96.38081100636047,96.38081100636047,96.38081100636047,1000
20220119,96.8579185031765,96.8579185031765,96.8579185031765,96.8579185031765,1000
20220120,97.93425744273334,97.93425744273334,97.93425744273334,97.93425744273334,1000
20220121,100.66096619469312,100.66096619469312,100.66096619469312,100.66096619469312,1000
20220124,101.3617210785321,101.3617210785321,101.3617210785321,101.3617210785321,1000
20220125,103.75800788904603,103.75800788904603,103.75800788904603,103.75800788904603,1000
20220126,102.40803137684532,102.40803137684532,102.40803137684532,102.40803137684532,1000
20220127,102.24859485705362,102.24859485705362,102.24859485705362,102.24859485705362,1000
20220128,104.28985361499998,104.28985361499998,104.28985361499998,104.28985361499998,1000
20220131,105.39835750983649,105.39835750983649,105.39835750983649,105.39835750983649,1000
20220201,105.50158168415238,105.50158168415238,105.50158168415238,105.50158168415238,1000
20220202,107.00732013913743,107.00732013913743,107.00732013913743,107.00732013913743,1000
20220203,107.67158327357713,107.67158327357713,107.67158327357713,107.67158327357713,1000
20220204,108.55939063874247,108.55939063874247,108.55939063874247,108.55939063874247,1000
20220207,108.0352016471285,108.0352016471285,108.0352016471285,108.0352016471285,1000
20220208,108.42754822935505,108.42754822935505,108.42754822935505,108.42754822935505,1000
20220209,109.01589412014907,109.01589412014907,109.01589412014907,109.01589412014907,1000
20220210,108.25568579135067,108.25568579135067,108.25568579135067,108.25568579135067,1000
20220211,104.91311269711572,104.91311269711572,104.91311269711572,104.91311269711572,1000
20220214,104.83560119937587,104.83560119937587,104.83560119937587,104.83560119937587,1000
20220215,108.7488772410978,108.7488772410978,108.7488772410978,108.7488772410978,1000
20220216,104.44441723744231,104.44441723744231,104.44441723744231,104.44441723744231,1000
20220217,103.06583561252233,103.06583561252233,103.06583561252233,103.06583561252233,1000
20220218,102.76594336768656,102.76594336768656,102.76594336768656,102.76594336768656,1000
20220221,103.23247307102275,103.23247307102275,103.23247307102275,103.23247307102275,1000
20220222,105.03459397627877,105.03459397627877,105.03459397627877,105.03459397627877,1000
20220223,106.7294281631112,106.7294281631112,106.7294281631112,106.7294281631112,1000
20220224,108.87011702253895,108.87011702253895,108.87011702253895,108.87011702253895,1000
20220225,111.19351538590172,111.19351538590172,111.19351538590172,111.19351538590172,1000
20220228,110.15421309690706,110.15421309690706,110.15421309690706,110.15421309690706,1000
20220301,110.11633553108042,110.11633553108042,110.11633553108042,110.11633553108042,1000
20220302,109.34568202994394,109.34568202994394,109.34568202994394,109.34568202994394,1000
20220303,110.1161634938926,110.1161634938926,110.1161634938926,110.1161634938926,1000
20220304,109.55047521192083,109.55047521192083,109.55047521192083,109.55047521192083,1000
20220307,108.0884229237584,108.0884229237584,108.0884229237584,108.0884229237584,1000
20220308,111.25095546059231,111.25095546059231,111.25095546059231,111.25095546059231,1000
20220309,111.05576091693618,111.05576091693618,111.05576091693618,111.05576091693618,1000
20220310,110.0472695114724,110.0472695114724,110.0472695114724,110.0472695114724,1000
20220311,111.46374898891564,111.46374898891564,111.46374898891564,111.46374898891564,1000
20220314,109.49501147607728,109.49501147607728,109.49501147607728,109.49501147607728,1000
20220315,108.72295331895938,108.72295331895938,108.72295331895938,108.72295331895938,1000
20220316,107.63259958828289,107.63259958828289,107.63259958828289,107.63259958828289,1000
20220317,104.49897704718897,104.49897704718897,104.49897704718897,104.49897704718897,1000
20220318,100.38840711735875,100.38840711735875,100.38840711735875,100.38840711735875,1000
20220321,100.35174188481058,100.35174188481058,100.35174188481058,100.35174188481058,1000
20220322,99.41417575198636,99.41417575198636,99.41417575198636,99.41417575198636,1000
20220323,98.47713742829336,98.47713742829336,98.47713742829336,98.47713742829336,1000
20220324,99.66282447581736,99.66282447581736,99.66282447581736,99.66282447581736,1000
20220325,98.36869538638985,98.36869538638985,98.36869538638985,98.36869538638985,1000
20220328,100.91689402596025,100.91689402596025,100.91689402596025,100.91689402596025,1000
20220329,98.39800546635048,98.39800546635048,98.39800546635048,98.39800546635048,1000
20220330,94.32427361851474,94.32427361851474,94.32427361851474,94.32427361851474,1000
20220331,94.05146331755084,94.05146331755084,94.05146331755084,94.05146331755084,1000
20220401,94.65917050957773,94.65917050957773,94.65917050957773,94.65917050957773,1000
20220404,97.06309260993457,97.06309260993457,97.06309260993457,97.06309260993457,1000
20220405,96.39275526537949,96.39275526537949,96.39275526537949,96.39275526537949,1000
20220406,95.89715526235427,95.89715526235427,95.89715526235427,95.89715526235427,1000
20220407,95.70094042433692,95.70094042433692,95.70094042433692,95.70094042433692,1000
20220408,99.21858111848056,99.21858111848056,99.21858111848056,99.21858111848056,1000
20220411,96.57613160544545,96.57613160544545,96.57613160544545,96.57613160544545,1000
20220412,97.11659745133345,97.11659745133345,97.11659745133345,97.11659745133345,1000
20220413,97.13204419517639,97.13204419517639,97.13204419517639,97.13204419517639,1000
20220414,95.78191303691868,95.78191303691868,95.78191303691868,95.78191303691868,1000
20220415,95.27937251146744,95.27937251146744,95.27937251146744,95.27937251146744,1000
20220418,95.48355143540404,95.48355143540404,95.48355143540404,95.48355143540404,1000
20220419,94.30648343848969,94.30648343848969,94.30648343848969,94.30648343848969,1000
20220420,94.35395016438703,94.35395016438703,94.35395016438703,94.35395016438703,1000
20220421,95.34068734987922,95.34068734987922,95.34068734987922,95.34068734987922,1000
20220422,96.4601981244966,96.4601981244966,96.4601981244966,96.4601981244966,1000
20220425,95.83443423634068,95.83443423634068,95.83443423634068,95.83443423634068,1000
20220426,95.4835279205776,95.4835279205776,95.4835279205776,95.4835279205776,1000
20220427,95.58211399555039,95.58211399555039,95.58211399555039,95.58211399555039,1000
20220428,96.84602663314543,96.84602663314543,96.84602663314543,96.84602663314543,1000
20220429,97.1312360856818,97.1312360856818,97.1312360856818,97.1312360856818,1000
20220502,98.94072827816571,98.94072827816571,98.94072827816571,98.94072827816571,1000
20220503,99.73599521239835,99.73599521239835,99.73599521239835,99.73599521239835,1000
20220504,97.41640209531516,97.41640209531516,97.41640209531516,97.41640209531516,1000
20220505,98.96001392038477,98.96001392038477,98.96001392038477,98.96001392038477,1000
20220506,98.04015474879809,98.04015474879809,98.04015474879809,98.04015474879809,1000
20220509,98.87895459768724,98.87895459768724,98.87895459768724,98.87895459768724,1000
20220510,98.91656262120313,98.91656262120313,98.91656262120313,98.91656262120313,1000
20220511,100.33816797113124,100.33816797113124,100.33816797113124,100.33816797113124,1000
20220512,100.4584859762953,100.4584859762953,100.4584859762953,100.4584859762953,1000
20220513,100.72272173341791,100.72272173341791,100.72272173341791,100.72272173341791,1000
20220516,98.27466397583645,98.27466397583645,98.27466397583645,98.27466397583645,1000
20220517,100.34038577277529,100.34038577277529,100.34038577277529,100.34038577277529,1000
20220518,100.42834352130623,100.42834352130623,100.42834352130623,100.42834352130623,1000
20220519,99.88279328316423,99.88279328316423,99.88279328316423,99.88279328316423,1000
20220520,101.8570579284438,101.8570579284438,101.8570579284438,101.8570579284438,1000
20220523,102.76553688698907,102.76553688698907,102.76553688698907,102.76553688698907,1000
20220524,103.18645245215808,103.18645245215808,103.18645245215808,103.18645245215808,1000
20220525,103.98083198522052,103.98083198522052,103.98083198522052,103.98083198522052,1000
20220526,104.12913925230094,104.12913925230094,104.12913925230094,104.12913925230094,1000
20220527,102.50913094468561,102.50913094468561,102.50913094468561,102.50913094468561,1000
20220530,100.60265071034861,100.60265071034861,100.60265071034861,100.60265071034861,1000
20220531,102.0413834817939,102.0413834817939,102.0413834817939,102.0413834817939,1000
20220601,103.7070843357035,103.7070843357035,103.7070843357035,103.7070843357035,1000
20220602,104.59941335546372,104.59941335546372,104.59941335546372,104.59941335546372,1000
20220603,105.1366310002173,105.1366310002173,105.1366310002173,105.1366310002173,1000
20220606,106.72029545378298,106.72029545378298,106.72029545378298,106.72029545378298,1000
20220607,108.62214305517188,108.62214305517188,108.62214305517188,108.62214305517188,1000
20220608,109.36502424375179,109.36502424375179,109.36502424375179,109.36502424375179,1000
20220609,111.0588843959216,111.0588843959216,111.0588843959216,111.0588843959216,1000
20220610,112.58625540712941,112.58625540712941,112.58625540712941,112.58625540712941,1000
20220613,111.74715142920215,111.74715142920215,111.74715142920215,111.74715142920215,1000
20220614,113.16768370616654,113.16768370616654,113.16768370616654,113.16768370616654,1000
20220615,111.49299859748318,111.49299859748318,111.49299859748318,111.49299859748318,1000
20220616,107.772080997605,107.772080997605,107.772080997605,107.772080997605,1000
20220617,108.92516934266826,108.92516934266826,108.92516934266826,108.92516934266826,1000
20220620,108.32319750863766,108.32319750863766,108.32319750863766,108.32319750863766,1000
20220621,111.53008502402261,111.53008502402261,111.53008502402261,111.53008502402261,1000
20220622,109.50402165778101,109.50402165778101,109.50402165778101,109.50402165778101,1000
20220623,111.10164682945849,111.10164682945849,111.10164682945849,111.10164682945849,1000
20220624,110.75588532252397,110.75588532252397,110.75588532252397,110.75588532252397,1000
20220627,111.26116570846357,111.26116570846357,111.26116570846357,111.26116570846357,1000
20220628,109.48843104762578,109.48843104762578,109.48843104762578,109.48843104762578,1000
20220629,113.48696438134176,113.48696438134176,113.48696438134176,113.48696438134176,1000
20220630,113.06721625827971,113.06721625827971,113.06721625827971,113.06721625827971,1000
20220701,116.5680047571329,116.5680047571329,116.5680047571329,116.5680047571329,1000
20220704,116.48301595601565,116.48301595601565,116.48301595601565,116.48301595601565,1000
20220705,114.41201826228242,114.41201826228242,114.41201826228242,114.41201826228242,1000
20220706,113.08448904201376,113.08448904201376,113.08448904201376,113.08448904201376,1000
20220707,115.37678269476048,115.37678269476048,115.37678269476048,115.37678269476048,1000
20220708,114.433049084367,114.433049084367,114.433049084367,114.433049084367,1000
20220711,114.63110837363817,114.63110837363817,114.63110837363817,114.63110837363817,1000
20220712,117.08864542916717,117.08864542916717,117.08864542916717,117.08864542916717,1000
20220713,119.04732705403968,119.04732705403968,119.04732705403968,119.04732705403968,1000
20220714,117.29156780256957,117.29156780256957,117.29156780256957,117.29156780256957,1000
20220715,116.83647950272429,116.83647950272429,116.83647950272429,116.83647950272429,1000
20220718,119.62774660257057,119.62774660257057,119.62774660257057,119.62774660257057,1000
20220719,118.70727057459627,118.70727057459627,118.70727057459627,118.70727057459627,1000
20220720,120.4770607248519,120.4770607248519,120.4770607248519,120.4770607248519,1000
20220721,120.91898959671963,120.91898959671963,120.91898959671963,120.91898959671963,1000
20220722,118.72061323814778,118.72061323814778,118.72061323814778,118.72061323814778,1000
20220725,119.32231025430073,119.32231025430073,119.32231025430073,119.32231025430073,1000
20220726,118.31096932815367,118.31096932815367,118.31096932815367,118.31096932815367,1000
20220727,118.58852543481662,118.58852543481662,118.58852543481662,118.58852543481662,1000
20220728,117.24105676249077,117.24105676249077,117.24105676249077,117.24105676249077,1000
20220729,118.43203983786137,118.43203983786137,118.43203983786137,118.43203983786137,1000
20220801,118.38528809385987,118.38528809385987,118.38528809385987,118.38528809385987,1000
20220802,120.06620511761463,120.06620511761463,120.06620511761463,120.06620511761463,1000
20220803,118.16211571826733,118.16211571826733,118.16211571826733,118.16211571826733,1000
20220804,117.91128582255404,117.91128582255404,117.91128582255404,117.91128582255404,1000
20220805,119.85436787978432,119.85436787978432,119.85436787978432,119.85436787978432,1000
20220808,122.13860658714437,122.13860658714437,122.13860658714437,122.13860658714437,1000
20220809,124.06802277161559,124.06802277161559,124.06802277161559,124.06802277161559,1000
20220810,125.73181340474562,125.73181340474562,125.73181340474562,125.73181340474562,1000
20220811,124.4133257575791,124.4133257575791,124.4133257575791,124.4133257575791,1000
20220812,125.29707993610992,125.29707993610992,125.29707993610992,125.29707993610992,1000
20220815,126.57397761201918,126.57397761201918,126.57397761201918,126.57397761201918,1000
20220816,127.1345349605657,127.1345349605657,127.1345349605657,127.1345349605657,1000
20220817,128.54677463173996,128.54677463173996,128.54677463173996,128.54677463173996,1000
20220818,127.76909478335953,127.76909478335953,127.76909478335953,127.76909478335953,1000
20220819,129.3543626863109,129.3543626863109,129.3543626863109,129.3543626863109,1000
20220822,128.91348470565302,128.91348470565302,128.91348470565302,128.91348470565302,1000
20220823,127.3542880287668,127.3542880287668,127.3542880287668,127.3542880287668,1000
20220824,124.59125909573304,124.59125909573304,124.59125909573304,124.59125909573304,1000
20220825,126.7231306619552,126.7231306619552,126.7231306619552,126.7231306619552,1000
20220826,124.5116461556582,124.5116461556582,124.5116461556582,124.5116461556582,1000
20220829,122.65536906475394,122.65536906475394,122.65536906475394,122.65536906475394,1000
20220830,119.82608578463876,119.82608578463876,119.82608578463876,119.82608578463876,1000
20220831,123.55802600614886,123.55802600614886,123.55802600614886,123.55802600614886,1000
20220901,127.12264678718395,127.12264678718395,127.12264678718395,127.12264678718395,1000
20220902,125.66328844891174,125.66328844891174,125.66328844891174,125.66328844891174,1000
20220905,122.28648905153526,122.28648905153526,122.28648905153526,122.28648905153526,1000
20220906,120.92411968991578,120.92411968991578,120.92411968991578,120.92411968991578,1000
20220907,119.80993199167307,119.80993199167307,119.80993199167307,119.80993199167307,1000
20220908,118.99402406408024,118.99402406408024,118.99402406408024,118.99402406408024,1000
20220909,119.72333347086803,119.72333347086803,119.72333347086803,119.72333347086803,1000
20220912,117.9226830866817,117.9226830866817,117.9226830866817,117.9226830866817,1000
20220913,117.7447543063097,117.7447543063097,117.7447543063097,117.7447543063097,1000
20220914,118.4833887626817,118.4833887626817,118.4833887626817,118.4833887626817,1000
20220915,119.17248266850096,119.17248266850096,119.17248266850096,119.17248266850096,1000
20220916,119.84456355515427,119.84456355515427,119.84456355515427,119.84456355515427,1000
20220919,118.83073697025897,118.83073697025897,118.83073697025897,118.83073697025897,1000
20220920,118.55407246437582,118.55407246437582,118.55407246437582,118.55407246437582,1000
20220921,119.85874516301726,119.85874516301726,119.85874516301726,119.85874516301726,1000
20220922,117.53536112061889,117.53536112061889,117.53536112061889,117.53536112061889,1000
20220923,119.24613845580141,119.24613845580141,119.24613845580141,119.24613845580141,1000
20220926,118.49961644295517,118.49961644295517,118.49961644295517,118.49961644295517,1000
20220927,120.21394292542855,120.21394292542855,120.21394292542855,120.21394292542855,1000
20220928,117.0184797032137,117.0184797032137,117.0184797032137,117.0184797032137,1000
20220929,117.83245809719453,117.83245809719453,117.83245809719453,117.83245809719453,1000
20220930,116.88868978309377,116.88868978309377,116.88868978309377,116.88868978309377,1000
20221003,118.82311997907287,118.82311997907287,118.82311997907287,118.82311997907287,1000
20221004,118.6668504984708,118.6668504984708,118.6668504984708,118.6668504984708,1000
20221005,116.88778868703089,116.88778868703089,116.88778868703089,116.88778868703089,1000
20221006,118.41074457319681,118.41074457319681,118.41074457319681,118.41074457319681,1000
20221007,116.95680221136672,116.95680221136672,116.95680221136672,116.95680221136672,1000
20221010,114.93647610705311,114.93647610705311,114.93647610705311,114.93647610705311,1000
20221011,113.21687945257048,113.21687945257048,113.21687945257048,113.21687945257048,1000
20221012,111.71978110705598,111.71978110705598,111.71978110705598,111.71978110705598,1000
20221013,110.39443636678976,110.39443636678976,110.39443636678976,110.39443636678976,1000
20221014,109.2286759848373,109.2286759848373,109.2286759848373,109.2286759848373,1000
20221017,110.68834907231293,110.68834907231293,110.68834907231293,110.68834907231293,1000
20221018,112.31633208803918,112.31633208803918,112.31633208803918,112.31633208803918,1000
20221019,114.38908265298497,114.38908265298497,114.38908265298497,114.38908265298497,1000
20221020,117.7030786017077,117.7030786017077,117.7030786017077,117.7030786017077,1000
20221021,118.68847048077889,118.68847048077889,118.68847048077889,118.68847048077889,1000
20221024,118.49753725834861,118.49753725834861,118.49753725834861,118.49753725834861,1000
20221025,116.26122405279409,116.26122405279409,116.26122405279409,116.26122405279409,1000
20221026,115.491835113893,115.491835113893,115.491835113893,115.491835113893,1000
20221027,115.53907287497506,115.53907287497506,115.53907287497506,115.53907287497506,1000
20221028,117.86406252988621,117.86406252988621,117.86406252988621,117.86406252988621,1000
20221031,116.77106152613521,116.77106152613521,116.77106152613521,116.77106152613521,1000
20221101,119.63655930614348,119.63655930614348,119.63655930614348,119.63655930614348,1000
20221102,122.50399837591064,122.50399837591064,122.50399837591064,122.50399837591064,1000
20221103,122.09104236854343,122.09104236854343,122.09104236854343,122.09104236854343,1000
20221104,121.49422256369517,121.49422256369517,121.49422256369517,121.49422256369517,1000
20221107,121.57281663606369,121.57281663606369,121.57281663606369,121.57281663606369,1000
20221108,120.19309145284322,120.19309145284322,120.19309145284322,120.19309145284322,1000
20221109,118.26314937732944,118.26314937732944,118.26314937732944,118.26314937732944,1000
20221110,117.32218381210157,117.32218381210157,117.32218381210157,117.32218381210157,1000
20221111,118.22793765808264,118.22793765808264,118.22793765808264,118.22793765808264,1000
20221114,114.236470576149,114.236470576149,114.236470576149,114.236470576149,1000
20221115,115.48153664076347,115.48153664076347,115.48153664076347,115.48153664076347,1000
20221116,118.35329674498003,118.35329674498003,118.35329674498003,118.35329674498003,1000
20221117,120.5965045150204,120.5965045150204,120.5965045150204,120.5965045150204,1000
20221118,123.63994683840053,123.63994683840053,123.63994683840053,123.63994683840053,1000
20221121,120.945956812578,120.945956812578,120.945956812578,120.945956812578,1000
20221122,119.05274335848,119.05274335848,119.05274335848,119.05274335848,1000
20221123,121.94199918724865,121.94199918724865,121.94199918724865,121.94199918724865,1000
20221124,122.71278335102784,122.71278335102784,122.71278335102784,122.71278335102784,1000
20221125,125.12189325844601,125.12189325844601,125.12189325844601,125.12189325844601,1000
20221128,125.5804095302004,125.5804095302004,125.5804095302004,125.5804095302004,1000
20221129,126.81078812564644,126.81078812564644,126.81078812564644,126.81078812564644,1000
20221130,124.96766443153548,124.96766443153548,124.96766443153548,124.96766443153548,1000
20221201,124.0317608737413,124.0317608737413,124.0317608737413,124.0317608737413,1000
20221202,125.83523397728075,125.83523397728075,125.83523397728075,125.83523397728075,1000
20221205,126.23649941131205,126.23649941131205,126.23649941131205,126.23649941131205,1000
20221206,126.22954107409052,126.22954107409052,126.22954107409052,126.22954107409052,1000
20221207,127.88818467113504,127.88818467113504,127.88818467113504,127.88818467113504,1000
20221208,126.39200409414262,126.39200409414262,126.39200409414262,126.39200409414262,1000
20221209,123.28351005087788,123.28351005087788,123.28351005087788,123.28351005087788,1000
20221212,121.77226656163924,121.77226656163924,121.77226656163924,121.77226656163924,1000
20221213,121.31857596335671,121.31857596335671,121.31857596335671,121.31857596335671,1000
20221214,124.14517398930127,124.14517398930127,124.14517398930127,124.14517398930127,1000
20221215,122.42105703601665,122.42105703601665,122.42105703601665,122.42105703601665,1000
20221216,123.81431384188247,123.81431384188247,123.81431384188247,123.81431384188247,1000
20221219,124.90777122053831,124.90777122053831,124.90777122053831,124.90777122053831,1000
20221220,126.52485818135209,126.52485818135209,126.52485818135209,126.52485818135209,1000
20221221,129.3758266781048,129.3758266781048,129.3758266781048,129.3758266781048,1000
20221222,129.43309693344347,129.43309693344347,129.43309693344347,129.43309693344347,1000
20221223,131.55092042636113,131.55092042636113,131.55092042636113,131.55092042636113,1000
20221226,129.67566543283914,129.67566543283914,129.67566543283914,129.67566543283914,1000
20221227,131.85167638906836,131.85167638906836,131.85167638906836,131.85167638906836,1000
20221228,132.64120082934886,132.64120082934886,132.64120082934886,132.64120082934886,1000
20221229,130.5328936406678,130.5328936406678,130.5328936406678,130.5328936406678,1000
20221230,126.21916323763811,126.21916323763811,126.21916323763811,126.21916323763811,1000
20230102,126.0484728795534,126.0484728795534,126.0484728795534,126.0484728795534,1000
20230103,125.77438236512907,125.77438236512907,125.77438236512907,125.77438236512907,1000
20230104,130.01880342566852,130.01880342566852,130.01880342566852,130.01880342566852,1000
20230105,134.4777621366064,134.4777621366064,134.4777621366064,134.4777621366064,1000
20230106,132.51497634517193,132.51497634517193,132.51497634517193,132.51497634517193,1000
20230109,134.57665610323593,134.57665610323593,134.57665610323593,134.57665610323593,1000
20230110,134.39322660483526,134.39322660483526,134.39322660483526,134.39322660483526,1000
20230111,134.15306292296603,134.15306292296603,134.15306292296603,134.15306292296603,1000
20230112,131.60192175203113,131.60192175203113,131.60192175203113,131.60192175203113,1000
20230113,131.1263534413792,131.1263534413792,131.1263534413792,131.1263534413792,1000
20230116,131.92204864159035,131.92204864159035,131.92204864159035,131.92204864159035,1000
20230117,130.75886878516107,130.75886878516107,130.75886878516107,130.75886878516107,1000
20230118,132.136196459734,132.136196459734,132.136196459734,132.136196459734,1000
20230119,132.44319117616638,132.44319117616638,132.44319117616638,132.44319117616638,1000
20230120,135.9950139956952,135.9950139956952,135.9950139956952,135.9950139956952,1000
20230123,137.6873679017643,137.6873679017643,137.6873679017643,137.6873679017643,1000
20230124,138.72878289812857,138.72878289812857,138.72878289812857,138.72878289812857,1000
20230125,139.12803904630817,139.12803904630817,139.12803904630817,139.12803904630817,1000
20230126,138.41456125565256,138.41456125565256,138.41456125565256,138.41456125565256,1000
20230127,140.48305814689056,140.48305814689056,140.48305814689056,140.48305814689056,1000
20230130,139.37460452677666,139.37460452677666,139.37460452677666,139.37460452677666,1000
20230131,141.02207196442734,141.02207196442734,141.02207196442734,141.02207196442734,1000
20230201,141.01854133209662,141.01854133209662,141.01854133209662,141.01854133209662,1000
20230202,141.4481682915362,141.4481682915362,141.4481682915362,141.4481682915362,1000
20230203,145.79855610952862,145.79855610952862,145.79855610952862,145.79855610952862,1000
20230206,147.49680535999607,147.49680535999607,147.49680535999607,147.49680535999607,1000
20230207,149.28513902693862,149.28513902693862,149.28513902693862,149.28513902693862,1000
20230208,148.4878478208441,148.4878478208441,148.4878478208441,148.4878478208441,1000
20230209,148.62670568329318,148.62670568329318,148.62670568329318,148.62670568329318,1000
20230210,149.1567474730999,149.1567474730999,149.1567474730999,149.1567474730999,1000
20230213,147.5996274985759,147.5996274985759,147.5996274985759,147.5996274985759,1000
20230214,145.58361686301075,145.58361686301075,145.58361686301075,145.58361686301075,1000
20230215,146.19853069128712,146.19853069128712,146.19853069128712,146.19853069128712,1000
20230216,149.1096335721256,149.1096335721256,149.1096335721256,149.1096335721256,1000
20230217,146.56383769984004,146.56383769984004,146.56383769984004,146.56383769984004,1000
20230220,146.94869021238532,146.94869021238532,146.94869021238532,146.94869021238532,1000
20230221,145.50515159037383,145.50515159037383,145.50515159037383,145.50515159037383,1000
20230222,146.62853200282427,146.62853200282427,146.62853200282427,146.62853200282427,1000
20230223,147.4674902540951,147.4674902540951,147.4674902540951,147.4674902540951,1000
20230224,144.74015665063155,144.74015665063155,144.74015665063155,144.74015665063155,1000
20230227,142.22163736565605,142.22163736565605,142.22163736565605,142.22163736565605,1000
20230228,143.27054121703253,143.27054121703253,143.27054121703253,143.27054121703253,1000
20230301,143.69364591140376,143.69364591140376,143.69364591140376,143.69364591140376,1000
20230302,144.50254085113687,144.50254085113687,144.50254085113687,144.50254085113687,1000
20230303,145.87301074435848,145.87301074435848,145.87301074435848,145.87301074435848,1000
20230306,147.3543225527583,147.3543225527583,147.3543225527583,147.3543225527583,1000
20230307,152.42576468580248,152.42576468580248,152.42576468580248,152.42576468580248,1000
20230308,153.4163102449345,153.4163102449345,153.4163102449345,153.4163102449345,1000
20230309,153.61305162392216,153.61305162392216,153.61305162392216,153.61305162392216,1000
20230310,152.99308685583287,152.99308685583287,152.99308685583287,152.99308685583287,1000
20230313,156.7416385530482,156.7416385530482,156.7416385530482,156.7416385530482,1000
20230314,159.28029857472242,159.28029857472242,159.28029857472242,159.28029857472242,1000
20230315,157.86177853542716,157.86177853542716,157.86177853542716,157.86177853542716,1000
20230316,155.4850495104462,155.4850495104462,155.4850495104462,155.4850495104462,1000
20230317,153.09427451438816,153.09427451438816,153.09427451438816,153.09427451438816,1000
20230320,155.24188093332836,155.24188093332836,155.24188093332836,155.24188093332836,1000
20230321,157.7234710257287,157.7234710257287,157.7234710257287,157.7234710257287,1000
20230322,158.27945155715437,158.27945155715437,158.27945155715437,158.27945155715437,1000
20230323,153.87382280453113,153.87382280453113,153.87382280453113,153.87382280453113,1000
20230324,150.85101856996891,150.85101856996891,150.85101856996891,150.85101856996891,1000
20230327,151.7529845705525,151.7529845705525,151.7529845705525,151.7529845705525,1000
20230328,151.7507699467344,151.7507699467344,151.7507699467344,151.7507699467344,1000
20230329,151.99892503461575,151.99892503461575,151.99892503461575,151.99892503461575,1000
20230330,151.6064238059083,151.6064238059083,151.6064238059083,151.6064238059083,1000
20230331,150.54681013028187,150.54681013028187,150.54681013028187,150.54681013028187,1000
20230403,151.29186210439175,151.29186210439175,151.29186210439175,151.29186210439175,1000
20230404,150.96466088854294,150.96466088854294,150.96466088854294,150.96466088854294,1000
20230405,147.18182343787396,147.18182343787396,147.18182343787396,147.18182343787396,1000
20230406,146.04606746085705,146.04606746085705,146.04606746085705,146.04606746085705,1000
20230407,146.7696071194646,146.7696071194646,146.7696071194646,146.7696071194646,1000
20230410,145.99801464543063,145.99801464543063,145.99801464543063,145.99801464543063,1000
20230411,147.5546868259896,147.5546868259896,147.5546868259896,147.5546868259896,1000
20230412,151.3993838024511,151.3993838024511,151.3993838024511,151.3993838024511,1000
20230413,148.39727919930203,148.39727919930203,148.39727919930203,148.39727919930203,1000
20230414,155.61709484390605,155.61709484390605,155.61709484390605,155.61709484390605,1000
20230417,154.58817976671642,154.58817976671642,154.58817976671642,154.58817976671642,1000
20230418,154.3127915590559,154.3127915590559,154.3127915590559,154.3127915590559,1000
20230419,155.76442465070664,155.76442465070664,155.76442465070664,155.76442465070664,1000
20230420,152.59234495017208,152.59234495017208,152.59234495017208,152.59234495017208,1000
20230421,152.89020461750417,152.89020461750417,152.89020461750417,152.89020461750417,1000
20230424,153.02004550114597,153.02004550114597,153.02004550114597,153.02004550114597,1000
20230425,151.8944331983113,151.8944331983113,151.8944331983113,151.8944331983113,1000
20230426,152.64457821176183,152.64457821176183,152.64457821176183,152.64457821176183,1000
20230427,151.19217156110082,151.19217156110082,151.19217156110082,151.19217156110082,1000
20230428,151.37591648152517,151.37591648152517,151.37591648152517,151.37591648152517,1000
20230501,147.86209242106634,147.86209242106634,147.86209242106634,147.86209242106634,1000
20230502,149.20988546206337,149.20988546206337,149.20988546206337,149.20988546206337,1000
20230503,151.37006629310255,151.37006629310255,151.37006629310255,151.37006629310255,1000
20230504,155.5283076114873,155.5283076114873,155.5283076114873,155.5283076114873,1000
20230505,153.92888389739502,153.92888389739502,153.92888389739502,153.92888389739502,1000
20230508,155.42344990588782,155.42344990588782,155.42344990588782,155.42344990588782,1000
20230509,154.87580305660168,154.87580305660168,154.87580305660168,154.87580305660168,1000
20230510,157.12696378314504,157.12696378314504,157.12696378314504,157.12696378314504,1000
20230511,153.57977558818675,153.57977558818675,153.57977558818675,153.57977558818675,1000
20230512,152.19486811964123,152.19486811964123,152.19486811964123,152.19486811964123,1000
20230515,152.09155656800039,152.09155656800039,152.09155656800039,152.09155656800039,1000
