Date,Open,High,Low,Close,Volume
2022-01-03,103.29869072732649,104.33167763459976,102.26570382005322,103.29869072732649,311451
2022-01-04,102.0864673412082,103.10733201462028,101.06560266779613,102.0864673412082,922666
2022-01-05,101.05912680811898,102.06971807620016,100.04853554003779,101.05912680811898,475947
2022-01-06,98.94099093057078,99.93040083987648,97.95158102126507,98.94099093057078,275250
2022-01-07,100.70294719412125,101.70997666606246,99.69591772218004,100.70294719412125,575368
2022-01-10,96.11786407057508,97.07904271128083,95.15668542986933,96.11786407057508,590793
2022-01-11,99.52007460224436,100.51527534826681,98.52487385622192,99.52007460224436,81645
2022-01-12,98.054727288249,99.03527456113149,97.07418001536651,98.054727288249,556941
2022-01-13,98.7294204830565,99.71671468788706,97.74212627822594,98.7294204830565,174422
2022-01-14,98.28638134016748,99.26924515356916,97.3035175267658,98.28638134016748,381744
2022-01-17,101.20963049605531,102.22172680101586,100.19753419109476,101.20963049605531,855380
2022-01-18,97.09011371174057,98.06101484885798,96.11921257462316,97.09011371174057,160512
2022-01-19,96.51258830859058,97.47771419167648,95.54746242550468,96.51258830859058,433272
2022-01-20,95.8195230063402,96.7777182364036,94.86132777627681,95.8195230063402,886117
2022-01-21,98.04017771111829,99.02057948822947,97.0597759340071,98.04017771111829,737096
2022-01-24,95.93252709376635,96.89185236470402,94.97320182282868,95.93252709376635,60616
2022-01-25,95.649663883462,96.60616052229662,94.69316724462738,95.649663883462,424209
2022-01-26,94.01815146317479,94.95833297780653,93.07796994854304,94.01815146317479,552064
2022-01-27,94.14453770755706,95.08598308463263,93.2030923304815,94.14453770755706,54525
2022-01-28,95.28898735369499,96.24187722723194,94.33609748015805,95.28898735369499,437217
2022-01-31,93.23909411019831,94.1714850513003,92.30670316909632,93.23909411019831,513923
2022-02-01,95.42037369149162,96.37457742840654,94.4661699545767,95.42037369149162,683275
2022-02-02,97.18868634785227,98.16057321133079,96.21679948437375,97.18868634785227,368934
2022-02-03,98.2140159849283,99.19615614477758,97.23187582507902,98.2140159849283,384044
2022-02-04,100.03265660494421,101.03298317099365,99.03233003889477,100.03265660494421,712998
2022-02-07,98.71477065028628,99.70191835678915,97.72762294378342,98.71477065028628,865125
2022-02-08,98.52150642706671,99.50672149133737,97.53629136279605,98.52150642706671,805384
2022-02-09,96.7268988936481,97.69416788258458,95.75962990471162,96.7268988936481,652513
2022-02-10,96.25702267923893,97.21959290603132,95.29445245244654,96.25702267923893,352277
2022-02-11,97.32615995437607,98.29942155391983,96.3528983548323,97.32615995437607,820032
2022-02-14,96.02848933522164,96.98877422857386,95.06820444186941,96.02848933522164,644430
2022-02-15,95.31451074344123,96.26765585087564,94.36136563600682,95.31451074344123,650587
2022-02-16,94.05221740464997,94.99273957869647,93.11169523060346,94.05221740464997,806802
2022-02-17,92.5093742184348,93.43446796061914,91.58428047625046,92.5093742184348,619553
2022-02-18,91.31369771533883,92.22683469249222,90.40056073818545,91.31369771533883,338561
2022-02-21,91.33622553704916,92.24958779241965,90.42286328167867,91.33622553704916,577288
2022-02-22,89.34087544986107,90.23428420435968,88.44746669536246,89.34087544986107,267600
2022-02-23,89.80440396082938,90.70244800043767,88.90635992122108,89.80440396082938,867337
2022-02-24,92.83045706697457,93.75876163764433,91.90215249630482,92.83045706697457,491998
2022-02-25,94.25455826731353,95.19710384998666,93.3120126846404,94.25455826731353,530030
2022-02-28,93.94005804149099,94.8794586219059,93.00065746107607,93.94005804149099,717993
2022-03-01,92.31934974240296,93.242543239827,91.39615624497893,92.31934974240296,344347
2022-03-02,90.98596606059976,91.89582572120577,90.07610639999376,90.98596606059976,182791
2022-03-03,94.1112513813944,95.05236389520834,93.17013886758045,94.1112513813944,932067
2022-03-04,94.2539386347221,95.19647802106932,93.31139924837488,94.2539386347221,930933
2022-03-07,93.10027863239281,94.03128141871674,92.16927584606889,93.10027863239281,581735
2022-03-08,93.50231446806458,94.43733761274522,92.56729132338394,93.50231446806458,776555
2022-03-09,97.47663994998287,98.4514063494827,96.50187355048304,97.47663994998287,249220
2022-03-10,97.75963208891424,98.7372284098034,96.7820357680251,97.75963208891424,805495
2022-03-11,99.01526288354131,100.00541551237673,98.0251102547059,99.01526288354131,306949
2022-03-14,99.65919937778833,100.65579137156621,98.66260738401044,99.65919937778833,711210
2022-03-15,99.00693022382737,99.99699952606564,98.0168609215891,99.00693022382737,412375
2022-03-16,96.79408929871866,97.76203019170585,95.82614840573147,96.79408929871866,590885
2022-03-17,96.16620012998624,97.1278621312861,95.20453812868638,96.16620012998624,709307
2022-03-18,95.81251193699684,96.77063705636681,94.85438681762687,95.81251193699684,106568
2022-03-21,96.98453502311861,97.95438037334979,96.01468967288743,96.98453502311861,764450
2022-03-22,98.66039561636471,99.64699957252836,97.67379166020106,98.66039561636471,923578
2022-03-23,100.5469838081855,101.55245364626735,99.54151397010365,100.5469838081855,628432
2022-03-24,101.17155618345286,102.1832717452874,100.15984062161833,101.17155618345286,391650
2022-03-25,103.01316414217064,104.04329578359234,101.98303250074893,103.01316414217064,882570
2022-03-28,101.51041234575364,102.52551646921117,100.4953082222961,101.51041234575364,313094
2022-03-29,104.10475081297841,105.14579832110819,103.06370330484863,104.10475081297841,351393
2022-03-30,105.22477181116814,106.27701952927983,104.17252409305645,105.22477181116814,11336
2022-03-31,104.65004918602918,105.69654967788946,103.6035486941689,104.65004918602918,860057
2022-04-01,105.72484317189053,106.78209160360943,104.66759474017162,105.72484317189053,528868
2022-04-04,105.61790944332883,106.67408853776212,104.56173034889554,105.61790944332883,947990
2022-04-05,108.06112500139558,109.14173625140954,106.98051375138162,108.06112500139558,107835
2022-04-06,111.39981786346873,112.51381604210341,110.28581968483404,111.39981786346873,433937
2022-04-07,116.3249718166939,117.48822153486084,115.16172209852697,116.3249718166939,539900
2022-04-08,113.13418636524676,114.26552822889923,112.0028445015943,113.13418636524676,394720
2022-04-11,109.92318065050746,111.02241245701254,108.82394884400239,109.92318065050746,794640
2022-04-12,108.86909239713918,109.95778332111058,107.78040147316779,108.86909239713918,174944
2022-04-13,109.27198875335142,110.36470864088494,108.1792688658179,109.27198875335142,156134
2022-04-14,111.24143915761306,112.3538535491892,110.12902476603692,111.24143915761306,503894
2022-04-15,111.99929359278373,113.11928652871157,110.87930065685589,111.99929359278373,522650
2022-04-18,107.52559108608499,108.60084699694583,106.45033517522414,107.52559108608499,344032
2022-04-19,106.9208585326121,107.99006711793822,105.85164994728598,106.9208585326121,897502
2022-04-20,108.74487415449441,109.83232289603936,107.65742541294946,108.74487415449441,64620
2022-04-21,109.29967905238789,110.39267584291177,108.206682261864,109.29967905238789,898289
2022-04-22,111.0200804407628,112.13028124517042,109.90987963635517,111.0200804407628,720996
2022-04-25,110.58193271544623,111.68775204260069,109.47611338829176,110.58193271544623,142696
2022-04-26,110.19321937639394,111.29515157015788,109.09128718263,110.19321937639394,882882
2022-04-27,110.65947199176888,111.76606671168658,109.55287727185119,110.65947199176888,120189
2022-04-28,111.62232370315317,112.7385469401847,110.50610046612164,111.62232370315317,690659
2022-04-29,112.12082837600946,113.24203665976955,110.99962009224936,112.12082837600946,864306
2022-05-02,112.44375574923424,113.56819330672658,111.3193181917419,112.44375574923424,53373
2022-05-03,110.99174190091472,112.10165931992387,109.88182448190557,110.99174190091472,814473
2022-05-04,111.88536701831444,113.00422068849758,110.7665133481313,111.88536701831444,283487
2022-05-05,112.21391005413388,113.33604915467522,111.09177095359253,112.21391005413388,309390
2022-05-06,114.80489312216133,115.95294205338294,113.65684419093972,114.80489312216133,840461
2022-05-09,117.61512835000923,118.79127963350932,116.43897706650914,117.61512835000923,930323
2022-05-10,118.10947983032827,119.29057462863155,116.92838503202499,118.10947983032827,69711
2022-05-11,117.28204036537755,118.45486076903133,116.10921996172378,117.28204036537755,521737
2022-05-12,115.84244927696743,117.0008737697371,114.68402478419776,115.84244927696743,522311
2022-05-13,116.881542966201,118.050358395863,115.71272753653899,116.881542966201,2449
2022-05-16,117.12077626811792,118.2919840307991,115.94956850543674,117.12077626811792,769199
2022-05-17,116.37388846814139,117.53762735282281,115.21014958345997,116.37388846814139,476205
2022-05-18,116.53354612747127,117.69888158874598,115.36821066619656,116.53354612747127,978606
2022-05-19,115.146794961589,116.29826291120489,113.9953270119731,115.146794961589,343039
2022-05-20,116.81189138914849,117.98001030303998,115.643772475257,116.81189138914849,342718
2022-05-23,115.8256986679077,116.98395565458678,114.66744168122862,115.8256986679077,232530
2022-05-24,118.72020072590831,119.9074027331674,117.53299871864922,118.72020072590831,548879
2022-05-25,119.73761300036388,120.93498913036751,118.54023687036025,119.73761300036388,173063
2022-05-26,121.21895531687781,122.4311448700466,120.00676576370903,121.21895531687781,184589
2022-05-27,118.62508339244017,119.81133422636458,117.43883255851577,118.62508339244017,773134
2022-05-30,119.0862560390724,120.27711859946312,117.89539347868167,119.0862560390724,318624
2022-05-31,120.90960107002469,122.11869708072494,119.70050505932444,120.90960107002469,933695
2022-06-01,118.66382468446291,119.85046293130753,117.47718643761829,118.66382468446291,322436
2022-06-02,118.09134647432167,119.27225993906488,116.91043300957845,118.09134647432167,686476
2022-06-03,118.22742206223221,119.40969628285453,117.04514784160989,118.22742206223221,802346
2022-06-06,115.03973335402785,116.19013068756813,113.88933602048756,115.03973335402785,684786
2022-06-07,115.82237026919611,116.98059397188807,114.66414656650416,115.82237026919611,625084
2022-06-08,117.84036809096703,119.0187717718767,116.66196441005737,117.84036809096703,737128
2022-06-09,115.87357477805863,117.03231052583921,114.71483903027804,115.87357477805863,794374
2022-06-10,116.7438918788853,117.91133079767415,115.57645296009643,116.7438918788853,33643
2022-06-13,113.73824237130559,114.87562479501865,112.60085994759253,113.73824237130559,578020
2022-06-14,113.70708830825957,114.84415919134217,112.57001742517697,113.70708830825957,992182
2022-06-15,110.08944645596786,111.19034092052753,108.98855199140819,110.08944645596786,683860
2022-06-16,112.61361627410751,113.73975243684859,111.48748011136644,112.61361627410751,50851
2022-06-17,113.59087844771445,114.7267872321916,112.45496966323729,113.59087844771445,840221
2022-06-20,113.59174865408555,114.72766614062641,112.45583116754469,113.59174865408555,894049
2022-06-21,111.88750525219345,113.00638030471538,110.76863019967152,111.88750525219345,640728
2022-06-22,114.79379647133258,115.9417344360459,113.64585850661926,114.79379647133258,915675
2022-06-23,119.36741492641528,120.56108907567943,118.17374077715112,119.36741492641528,858974
2022-06-24,114.99144879109507,116.14136327900601,113.84153430318412,114.99144879109507,678829
2022-06-27,117.89191037159479,119.07082947531075,116.71299126787883,117.89191037159479,306969
2022-06-28,121.78859346091038,123.00647939551948,120.57070752630128,121.78859346091038,435634
2022-06-29,122.67280713962367,123.89953521101991,121.44607906822743,122.67280713962367,800595
2022-06-30,119.79179202240609,120.98970994263014,118.59387410218203,119.79179202240609,308886
2022-07-01,121.92012157287233,123.13932278860106,120.7009203571436,121.92012157287233,314499
2022-07-04,121.5399251291714,122.75532438046311,120.32452587787968,121.5399251291714,75401
2022-07-05,120.1326857340169,121.33401259135707,118.93135887667674,120.1326857340169,820016
2022-07-06,117.2373483279509,118.40972181123041,116.06497484467138,117.2373483279509,107052
2022-07-07,118.5868381257821,119.77270650703991,117.40096974452428,118.5868381257821,36367
2022-07-08,120.52646073432072,121.73172534166393,119.32119612697751,120.52646073432072,997256
2022-07-11,119.08368492454,120.2745217737854,117.8928480752946,119.08368492454,63447
2022-07-12,120.3830697370666,121.58690043443727,119.17923903969594,120.3830697370666,568137
2022-07-13,117.68807468573486,118.86495543259221,116.51119393887751,117.68807468573486,565103
2022-07-14,119.63430834320681,120.83065142663888,118.43796525977474,119.63430834320681,89609
2022-07-15,119.80554642814609,121.00360189242755,118.60749096386462,119.80554642814609,606118
2022-07-18,119.41840733195347,120.61259140527301,118.22422325863394,119.41840733195347,390902
2022-07-19,119.23510993461886,120.42746103396505,118.04275883527268,119.23510993461886,82997
2022-07-20,121.36676221861143,122.58042984079755,120.1530945964253,121.36676221861143,56211
2022-07-21,123.24894622095222,124.48143568316175,122.01645675874269,123.24894622095222,204837
2022-07-22,124.61569155980281,125.86184847540085,123.36953464420478,124.61569155980281,220989
2022-07-25,125.02119403583163,126.27140597618994,123.77098209547331,125.02119403583163,136716
2022-07-26,125.2782904395068,126.53107334390188,124.02550753511173,125.2782904395068,607988
2022-07-27,126.89032202602075,128.15922524628095,125.62141880576054,126.89032202602075,326114
2022-07-28,127.54379337670352,128.81923131047054,126.26835544293648,127.54379337670352,789917
2022-07-29,129.3486691855139,130.64215587736905,128.05518249365875,129.3486691855139,846686
2022-08-01,128.61107968117332,129.89719047798505,127.32496888436158,128.61107968117332,805122
2022-08-02,122.41244294720765,123.63656737667974,121.18831851773557,122.41244294720765,958266
2022-08-03,125.01695031482667,126.26711981797494,123.7667808116784,125.01695031482667,486349
2022-08-04,130.54764930729047,131.8531258003634,129.24217281421755,130.54764930729047,552674
2022-08-05,131.76530494385807,133.08295799329665,130.4476518944195,131.76530494385807,447335
2022-08-08,131.56724789922353,132.88292037821577,130.2515754202313,131.56724789922353,476619
2022-08-09,131.27399833427884,132.58673831762164,129.96125835093605,131.27399833427884,332276
2022-08-10,131.0270609484932,132.33733155797813,129.71679033900824,131.0270609484932,527057
2022-08-11,131.13819655101545,132.4495785165256,129.8268145855053,131.13819655101545,390987
2022-08-12,128.26097539760437,129.5435851515804,126.97836564362832,128.26097539760437,557313
2022-08-15,126.99864509439229,128.2686315453362,125.72865864344837,126.99864509439229,124621
2022-08-16,124.52972329225263,125.77502052517515,123.2844260593301,124.52972329225263,909673
2022-08-17,125.21164596835801,126.46376242804159,123.95952950867444,125.21164596835801,633300
2022-08-18,124.53139325233606,125.77670718485942,123.2860793198127,124.53139325233606,630417
2022-08-19,125.82704607154842,127.0853165322639,124.56877561083294,125.82704607154842,358995
2022-08-22,125.45031194398891,126.7048150634288,124.19580882454902,125.45031194398891,952863
2022-08-23,127.98775823983104,129.26763582222935,126.70788065743272,127.98775823983104,114207
2022-08-24,128.59834662575352,129.88433009201106,127.31236315949599,128.59834662575352,553384
2022-08-25,134.29705306104628,135.64002359165676,132.9540825304358,134.29705306104628,178807
2022-08-26,129.27068791788884,130.56339479706773,127.97798103870994,129.27068791788884,37316
2022-08-29,127.66277595552229,128.9394037150775,126.38614819596707,127.66277595552229,12560
2022-08-30,130.02833372500785,131.32861706225793,128.72805038775778,130.02833372500785,84260
2022-08-31,136.66842746727315,138.03511174194588,135.3017431926004,136.66842746727315,127534
2022-09-01,136.05715119932583,137.4177227113191,134.69657968733256,136.05715119932583,365977
2022-09-02,136.24400935107738,137.60644944458815,134.8815692575666,136.24400935107738,83098
2022-09-05,135.69545216028683,137.0524066818897,134.33849763868398,135.69545216028683,922248
2022-09-06,139.37675338485903,140.77052091870763,137.98298585101043,139.37675338485903,957634
2022-09-07,138.64556101688692,140.03201662705578,137.25910540671805,138.64556101688692,38140
2022-09-08,140.60065708700665,142.00666365787671,139.1946505161366,140.60065708700665,432412
2022-09-09,139.77167111669758,141.16938782786454,138.3739544055306,139.77167111669758,411049
2022-09-12,136.2842036759576,137.6470457127172,134.921361639198,136.2842036759576,287416
2022-09-13,137.206977805751,138.57904758380852,135.83490802769347,137.206977805751,975777
2022-09-14,138.6563906452381,140.04295455169049,137.26982673878572,138.6563906452381,6940
2022-09-15,142.31199950377928,143.73511949881706,140.8888795087415,142.31199950377928,20545
2022-09-16,142.06879676015726,143.48948472775882,140.6481087925557,142.06879676015726,536315
2022-09-19,140.38567344739766,141.78953018187164,138.9818167129237,140.38567344739766,72646
2022-09-20,142.03593819489853,143.45629757684753,140.61557881294954,142.03593819489853,90664
2022-09-21,142.79082253908194,144.21873076447275,141.36291431369114,142.79082253908194,980967
2022-09-22,143.66374589475822,145.1003833537058,142.22710843581064,143.66374589475822,561170
2022-09-23,143.52550486984904,144.96075991854752,142.09024982115056,143.52550486984904,170775
2022-09-26,146.92803120385022,148.39731151588873,145.45875089181172,146.92803120385022,897917
2022-09-27,148.08727196667712,149.56814468634389,146.60639924701036,148.08727196667712,304201
2022-09-28,153.8024298455763,155.34045414403207,152.26440554712056,153.8024298455763,903145
2022-09-29,157.2969954591953,158.86996541378724,155.72402550460336,157.2969954591953,511041
2022-09-30,159.44897501261605,161.04346476274222,157.85448526248987,159.44897501261605,169998
2022-10-03,154.33883199397243,155.88222031391217,152.7954436740327,154.33883199397243,551906
2022-10-04,156.27522649413496,157.8379787590763,154.71247422919362,156.27522649413496,749428
2022-10-05,157.66695803871,159.24362761909708,156.0902884583229,157.66695803871,324440
2022-10-06,160.30299718507618,161.90602715692694,158.69996721322542,160.30299718507618,656378
2022-10-07,163.7316926470254,165.36900957349565,162.09437572055515,163.7316926470254,592821
2022-10-10,162.50082919561132,164.12583748756742,160.8758209036552,162.50082919561132,458677
2022-10-11,165.26011153540978,166.91271265076386,163.6075104200557,165.26011153540978,787904
2022-10-12,163.48420842623386,165.1190505104962,161.84936634197152,163.48420842623386,175572
2022-10-13,169.9577844237,171.657362267937,168.25820657946298,169.9577844237,827842
2022-10-14,165.5152522318973,167.1704047542163,163.86009970957832,165.5152522318973,121275
2022-10-17,159.76959363448884,161.36728957083372,158.17189769814397,159.76959363448884,592143
2022-10-18,154.57477711441558,156.12052488555975,153.02902934327142,154.57477711441558,364647
2022-10-19,151.89891588437277,153.4179050432165,150.37992672552903,151.89891588437277,318711
2022-10-20,148.57501702650035,150.06076719676534,147.08926685623535,148.57501702650035,352525
2022-10-21,154.46179366347252,156.00641160010724,152.9171757268378,154.46179366347252,485838
2022-10-24,153.53039059823666,155.06569450421904,151.9950866922543,153.53039059823666,758728
2022-10-25,149.4843250257375,150.97916827599488,147.9894817754801,149.4843250257375,230540
2022-10-26,152.89072293033234,154.41963015963566,151.36181570102903,152.89072293033234,267594
2022-10-27,151.17368691134993,152.68542378046342,149.66195004223644,151.17368691134993,803943
2022-10-28,147.5096800527953,148.98477685332324,146.03458325226734,147.5096800527953,668635
2022-10-31,150.1673292927283,151.6690025856556,148.66565599980103,150.1673292927283,333014
2022-11-01,152.1145856221512,153.63573147837272,150.59343976592967,152.1145856221512,129769
2022-11-02,150.8673778031359,152.37605158116725,149.35870402510454,150.8673778031359,982024
2022-11-03,155.18984887182586,156.7417473605441,153.6379503831076,155.18984887182586,401030
2022-11-04,155.66814888915022,157.22483037804173,154.1114674002587,155.66814888915022,492493
2022-11-07,160.78013398161818,162.38793532143436,159.172332641802,160.78013398161818,478191
2022-11-08,162.47713897592863,164.1019103656879,160.85236758616935,162.47713897592863,561240
2022-11-09,167.62378283461138,169.30002066295748,165.94754500626527,167.62378283461138,921626
2022-11-10,168.07436460257142,169.75510824859714,166.3936209565457,168.07436460257142,834202
2022-11-11,164.05824649487676,165.69882895982553,162.41766402992798,164.05824649487676,680930
2022-11-14,172.17705812981495,173.8988287111131,170.4552875485168,172.17705812981495,977032
2022-11-15,170.38375084595012,172.08758835440963,168.6799133374906,170.38375084595012,823059
2022-11-16,169.79136790358905,171.48928158262493,168.09345422455317,169.79136790358905,425873
2022-11-17,167.49783118297668,169.17280949480644,165.82285287114692,167.49783118297668,118445
2022-11-18,166.90021751704376,168.5692196922142,165.2312153418733,166.90021751704376,579561
2022-11-21,167.7936992758281,169.47163626858637,166.1157622830698,167.7936992758281,911945
2022-11-22,168.55491277224144,170.24046189996386,166.869363644519,168.55491277224144,496990
2022-11-23,170.86755456696514,172.5762301126348,169.1588790212955,170.86755456696514,128155
2022-11-24,177.07742215554396,178.84819637709938,175.30664793398853,177.07742215554396,916998
2022-11-25,176.73932974995412,178.50672304745368,174.97193645245457,176.73932974995412,406074
2022-11-28,172.46888076915766,174.19356957684926,170.74419196146607,172.46888076915766,28313
2022-11-29,168.47685352969816,170.16162206499516,166.79208499440116,168.47685352969816,489785
2022-11-30,166.31780742747563,167.98098550175038,164.65462935320087,166.31780742747563,224186
2022-12-01,160.83199481264032,162.4403147607667,159.22367486451392,160.83199481264032,175815
2022-12-02,163.5662346589355,165.20189700552487,161.93057231234616,163.5662346589355,506287
2022-12-05,162.01819944308207,163.6383814375129,160.39801744865125,162.01819944308207,923365
2022-12-06,161.09150401803413,162.70241905821447,159.48058897785378,161.09150401803413,13693
2022-12-07,161.1659557337392,162.7776152910766,159.5542961764018,161.1659557337392,456186
2022-12-08,156.74478540106242,158.31223325507304,155.1773375470518,156.74478540106242,349846
2022-12-09,154.12302083111763,155.66425103942882,152.58179062280644,154.12302083111763,552084
2022-12-12,156.27985391210527,157.84265245122631,154.71705537298422,156.27985391210527,83651
2022-12-13,158.29129793902536,159.8742109184156,156.7083849596351,158.29129793902536,864369
2022-12-14,156.96743838557992,158.53711276943574,155.3977640017241,156.96743838557992,302444
2022-12-15,162.7298226563313,164.3571208828946,161.10252442976798,162.7298226563313,433205
2022-12-16,158.5615733567511,160.14718909031862,156.97595762318358,158.5615733567511,837095
2022-12-19,157.54681984682688,159.12228804529514,155.97135164835862,157.54681984682688,66343
2022-12-20,156.89823190824526,158.46721422732773,155.3292495891628,156.89823190824526,207999
2022-12-21,148.2120790623507,149.6941998529742,146.7299582717272,148.2120790623507,699463
2022-12-22,154.02948857606688,155.56978346182754,152.48919369030622,154.02948857606688,390875
2022-12-23,155.23502197732785,156.78737219710112,153.68267175755457,155.23502197732785,319651
2022-12-26,152.0695023751617,153.59019739891332,150.5488073514101,152.0695023751617,380621
2022-12-27,158.38395562115886,159.96779517737045,156.80011606494728,158.38395562115886,15973
2022-12-28,160.31833688385547,161.92152025269402,158.7151535150169,160.31833688385547,882728
2022-12-29,161.77571438062662,163.3934715244329,160.15795723682035,161.77571438062662,951226
2022-12-30,159.89265024788278,161.49157675036162,158.29372374540395,159.89265024788278,4487
2023-01-02,160.31228123025753,161.9154040425601,158.70915841795494,160.31228123025753,141929
2023-01-03,155.50073153241607,157.05573884774023,153.9457242170919,155.50073153241607,934972
2023-01-04,158.05102468359073,159.63153493042662,156.47051443675483,158.05102468359073,792785
2023-01-05,156.94644299645307,158.5159074264176,155.37697856648853,156.94644299645307,448556
2023-01-06,157.44568397073803,159.0201408104454,155.87122713103065,157.44568397073803,557086
2023-01-09,161.3095738117111,162.9226695498282,159.69647807359397,161.3095738117111,242689
2023-01-10,162.308880526712,163.9319693319791,160.68579172144487,162.308880526712,72123
2023-01-11,163.24205091193232,164.87447142105165,161.609630402813,163.24205091193232,796035
2023-01-12,164.22639820928623,165.8686621913791,162.58413422719337,164.22639820928623,346850
2023-01-13,161.9000603200534,163.51906092325393,160.28105971685287,161.9000603200534,185888
2023-01-16,164.68799464029857,166.33487458670155,163.0411146938956,164.68799464029857,15940
2023-01-17,169.85379297698321,171.55233090675304,168.1552550472134,169.85379297698321,648944
2023-01-18,172.51644026347245,174.24160466610718,170.79127586083771,172.51644026347245,928671
2023-01-19,175.65592485618924,177.41248410475114,173.89936560762735,175.65592485618924,576341
2023-01-20,172.66175888732099,174.3883764761942,170.93514129844777,172.66175888732099,891188
2023-01-23,169.751416401941,171.4489305659604,168.05390223792156,169.751416401941,506006
2023-01-24,164.9444771904792,166.593921962384,163.2950324185744,164.9444771904792,56217
2023-01-25,169.0920161997576,170.7829363617552,167.40109603776003,169.0920161997576,888819
2023-01-26,168.31696648203513,170.00013614685548,166.63379681721477,168.31696648203513,456816
2023-01-27,173.11347468420922,174.8446094310513,171.38233993736714,173.11347468420922,418610
2023-01-30,170.49284245582953,172.19777088038782,168.78791403127124,170.49284245582953,756863
2023-01-31,169.0862458754094,170.77710833416347,167.3953834166553,169.0862458754094,571712
2023-02-01,169.49349039345717,171.18842529739175,167.79855548952258,169.49349039345717,498881
2023-02-02,172.70183290586172,174.42885123492033,170.9748145768031,172.70183290586172,746938
2023-02-03,172.99801722559394,174.7279973978499,171.268037053338,172.99801722559394,639162
2023-02-06,173.8149995142782,175.553149509421,172.07684951913544,173.8149995142782,321517
2023-02-07,173.9593617960993,175.6989554140603,172.2197681781383,173.9593617960993,878423
2023-02-08,174.66281073174358,176.409438839061,172.91618262442614,174.66281073174358,590482
2023-02-09,170.85002630868007,172.55852657176686,169.14152604559328,170.85002630868007,536342
2023-02-10,171.2119792684418,172.92409906112624,169.49985947575738,171.2119792684418,14845
2023-02-13,170.65869408269577,172.36528102352273,168.95210714186882,170.65869408269577,957339
2023-02-14,170.55007159573904,172.25557231169643,168.84457087978166,170.55007159573904,500829
2023-02-15,172.31470732882082,174.03785440210902,170.5915602555326,172.31470732882082,582193
2023-02-16,170.0550475894238,171.75559806531803,168.35449711352956,170.0550475894238,831349
2023-02-17,169.85265478077883,171.55118132858664,168.15412823297103,169.85265478077883,18042
2023-02-20,168.92742700377542,170.61670127381316,167.23815273373768,168.92742700377542,419967
2023-02-21,170.42176579695573,172.1259834549253,168.71754813898616,170.42176579695573,648647
2023-02-22,173.18181668168825,174.91363484850513,171.44999851487137,173.18181668168825,917861
2023-02-23,169.9591619372,171.658753556572,168.259570317828,169.9591619372,556572
2023-02-24,172.03575843497788,173.75611601932766,170.3154008506281,172.03575843497788,712585
2023-02-27,179.22954831931887,181.02184380251205,177.43725283612568,179.22954831931887,637598
2023-02-28,174.04566726700216,175.7861239396722,172.30521059433212,174.04566726700216,900982
2023-03-01,171.24293367130704,172.95536300802013,169.53050433459396,171.24293367130704,603041
2023-03-02,168.3127013076916,169.99582832076854,166.62957429461468,168.3127013076916,127319
2023-03-03,167.45734382951,169.1319172678051,165.78277039121488,167.45734382951,888229
2023-03-06,172.97623244882485,174.7059947733131,171.24647012433658,172.97623244882485,641680
2023-03-07,173.1089144780021,174.84000362278212,171.3778253332221,173.1089144780021,521945
2023-03-08,170.7903158517413,172.4982190102587,169.0824126932239,170.7903158517413,99632
2023-03-09,172.99967134762852,174.7296680611048,171.26967463415224,172.99967134762852,885673
2023-03-10,171.01085144834082,172.72095996282422,169.3007429338574,171.01085144834082,305406
2023-03-13,174.93867028116085,176.68805698397247,173.18928357834923,174.93867028116085,306154
2023-03-14,176.0941998183205,177.8551418165037,174.3332578201373,176.0941998183205,105662
2023-03-15,181.07336684878953,182.88410051727743,179.26263318030163,181.07336684878953,433385
2023-03-16,178.7688669571383,180.5565556267097,176.9811782875669,178.7688669571383,416816
2023-03-17,189.6947092283715,191.5916563206552,187.79776213608778,189.6947092283715,521499
2023-03-20,192.91794339658387,194.8471228305497,190.98876396261804,192.91794339658387,669103
2023-03-21,195.5400075047871,197.49540757983496,193.58460742973924,195.5400075047871,666456
2023-03-22,195.43758971995226,197.39196561715178,193.48321382275273,195.43758971995226,168639
2023-03-23,192.69912947338477,194.62612076811862,190.77213817865092,192.69912947338477,348213
2023-03-24,189.45111366287475,191.3456247995035,187.556602526246,189.45111366287475,534310
2023-03-27,189.03061810245305,190.92092428347758,187.14031192142852,189.03061810245305,909848
2023-03-28,186.11096540458075,187.97207505862656,184.24985575053495,186.11096540458075,641256
2023-03-29,187.25620188134266,189.1287639001561,185.38363986252924,187.25620188134266,97810
2023-03-30,184.25599263285014,186.09855255917864,182.41343270652163,184.25599263285014,151823
2023-03-31,186.63688482017022,188.50325366837194,184.7705159719685,186.63688482017022,663019
2023-04-03,190.29915478991603,192.20214633781518,188.39616324201688,190.29915478991603,874913
2023-04-04,187.70788732780818,189.58496620108627,185.83080845453009,187.70788732780818,191251
2023-04-05,192.279272911943,194.20206564106243,190.35648018282356,192.279272911943,310813
2023-04-06,191.4603865003652,193.37499036536883,189.54578263536155,191.4603865003652,26515
2023-04-07,195.9799539974082,197.93975353738227,194.0201544574341,195.9799539974082,693170
2023-04-10,197.79538038611386,199.773334189975,195.81742658225272,197.79538038611386,109386
2023-04-11,202.3341052223124,204.3574462745355,200.31076417008927,202.3341052223124,386889
2023-04-12,198.40065011057493,200.38465661168067,196.4166436094692,198.40065011057493,105267
2023-04-13,198.07609050753223,200.05685141260756,196.0953296024569,198.07609050753223,573091
2023-04-14,203.92499722450782,205.9642471967529,201.88574725226275,203.92499722450782,857386
2023-04-17,201.5062964741579,203.52135943889948,199.4912335094163,201.5062964741579,571186
2023-04-18,193.39687213920394,195.33084086059597,191.4629034178119,193.39687213920394,897261
2023-04-19,185.9797571442935,187.83955471573643,184.11995957285058,185.9797571442935,286722
2023-04-20,176.74980254524007,178.51730057069247,174.98230451978768,176.74980254524007,425899
2023-04-21,169.3646163315713,171.05826249488703,167.6709701682556,169.3646163315713,479239
2023-04-24,168.05495646092777,169.73550602553703,166.3744068963185,168.05495646092777,44531
2023-04-25,172.436243565079,174.16060600072979,170.7118811294282,172.436243565079,333163
2023-04-26,170.9973345717867,172.70730791750455,169.28736122606884,170.9973345717867,218782
2023-04-27,172.18927954161077,173.91117233702687,170.46738674619468,172.18927954161077,139369
2023-04-28,171.896587072442,173.61555294316642,170.17762120171759,171.896587072442,60405
2023-05-01,172.01192605684864,173.73204531741712,170.29180679628016,172.01192605684864,110627
2023-05-02,171.51928789217672,173.23448077109848,169.80409501325497,171.51928789217672,387488
2023-05-03,171.00754176371237,172.71761718134948,169.29746634607525,171.00754176371237,558777
2023-05-04,172.67029631632914,174.39699927949243,170.94359335316585,172.67029631632914,159856
2023-05-05,168.6954859376745,170.38244079705126,167.00853107829775,168.6954859376745,104462
2023-05-08,172.18791158143,173.9097906972443,170.4660324656157,172.18791158143,773484
2023-05-09,175.4423248680886,177.1967481167695,173.6879016194077,175.4423248680886,763182
2023-05-10,174.84561976320555,176.5940759608376,173.09716356557348,174.84561976320555,944948
2023-05-11,177.74943282134888,179.52692714956237,175.97193849313538,177.74943282134888,141105
2023-05-12,175.345036058167,177.09848641874868,173.59158569758534,175.345036058167,349165
2023-05-15,173.54872076634211,175.28420797400554,171.8132335586787,173.54872076634211,218551
